,y_true,y_proba_0,y_proba_1,y_proba_2,fpr_0,fpr_1,fpr_2,tpr_0,tpr_1,tpr_2,threshold_0,threshold_1,threshold_2,fpr_micro,tpr_micro,fpr_macro,tpr_macro
0,1,0.021739130434782608,0.9130434782608695,0.06521739130434782,0.0,0.0,0.0,0.0,0.0,0.0,1.8260869565217392,2.0,2.0,0.0,0.0,0.0,0.04151732377538829
1,0,0.2608695652173913,0.7391304347826086,0.0,0.0,0.007194244604316547,0.0,0.03225806451612903,0.006329113924050633,0.009259259259259259,0.8260869565217391,1.0,1.0,0.0016835016835016834,0.006734006734006734,0.005291005291005291,0.049241745001919225
2,0,0.0,0.21739130434782608,0.782608695652174,0.0,0.014388489208633094,0.0,0.0967741935483871,0.02531645569620253,0.027777777777777776,0.717391304347826,0.9782608695652174,0.9565217391304348,0.003367003367003367,0.016835016835016835,0.007194244604316547,0.05091009085567624
3,0,0.5217391304347826,0.4782608695652174,0.0,0.011278195488721804,0.014388489208633094,0.005291005291005291,0.0967741935483871,0.04430379746835443,0.046296296296296294,0.5434782608695652,0.9565217391304348,0.9347826086956522,0.003367003367003367,0.03367003367003367,0.011278195488721804,0.0568852384049063
4,0,0.0,0.8478260869565217,0.15217391304347827,0.015037593984962405,0.02877697841726619,0.015873015873015872,0.12903225806451613,0.06329113924050633,0.06481481481481481,0.5217391304347826,0.9347826086956522,0.8913043478260869,0.008417508417508417,0.050505050505050504,0.014388489208633094,0.07666107030894499
5,1,0.021739130434782608,0.8043478260869565,0.17391304347826086,0.018796992481203006,0.050359712230215826,0.021164021164021163,0.12903225806451613,0.08227848101265822,0.07407407407407407,0.5,0.9130434782608695,0.8695652173913043,0.013468013468013467,0.06060606060606061,0.015037593984962405,0.07918181795095393
6,1,0.0,0.41304347826086957,0.5869565217391305,0.022556390977443608,0.05755395683453238,0.021164021164021163,0.16129032258064516,0.11392405063291139,0.09259259259259259,0.4782608695652174,0.8913043478260869,0.8478260869565217,0.018518518518518517,0.08417508417508418,0.015873015873015872,0.08003662726678923
7,1,0.2608695652173913,0.21739130434782608,0.5217391304347826,0.03759398496240601,0.07913669064748201,0.031746031746031744,0.16129032258064516,0.12658227848101267,0.10185185185185185,0.45652173913043476,0.8695652173913043,0.8260869565217391,0.025252525252525252,0.09427609427609428,0.018796992481203006,0.08302845987221279
8,1,0.021739130434782608,0.9565217391304348,0.021739130434782608,0.05263157894736842,0.10071942446043165,0.047619047619047616,0.22580645161290322,0.189873417721519,0.12037037037037036,0.43478260869565216,0.8478260869565217,0.8043478260869565,0.030303030303030304,0.13468013468013468,0.021164021164021163,0.09839347017787196
9,1,0.021739130434782608,0.6739130434782609,0.30434782608695654,0.06766917293233082,0.1223021582733813,0.06349206349206349,0.25806451612903225,0.22784810126582278,0.1574074074074074,0.41304347826086957,0.8260869565217391,0.782608695652174,0.03872053872053872,0.16161616161616163,0.022556390977443608,0.10339452160943925
10,1,0.0,0.3695652173913043,0.6304347826086957,0.07518796992481203,0.12949640287769784,0.06878306878306878,0.25806451612903225,0.2721518987341772,0.18518518518518517,0.391304347826087,0.8043478260869565,0.7608695652173914,0.045454545454545456,0.1919191919191919,0.02877697841726619,0.10794513067011115
11,1,0.0,0.5217391304347826,0.4782608695652174,0.08646616541353383,0.14388489208633093,0.07936507936507936,0.25806451612903225,0.3037974683544304,0.2037037037037037,0.3695652173913043,0.782608695652174,0.717391304347826,0.05387205387205387,0.2255892255892256,0.031746031746031744,0.10968177631441549
12,1,0.41304347826086957,0.5869565217391305,0.0,0.10150375939849623,0.19424460431654678,0.07936507936507936,0.25806451612903225,0.33544303797468356,0.24074074074074073,0.34782608695652173,0.7608695652173914,0.6956521739130435,0.06734006734006734,0.25252525252525254,0.03759398496240601,0.1136708864549802
13,1,0.13043478260869565,0.8478260869565217,0.021739130434782608,0.10902255639097744,0.20863309352517986,0.10052910052910052,0.25806451612903225,0.3670886075949367,0.26851851851851855,0.32608695652173914,0.7391304347826086,0.6739130434782609,0.0723905723905724,0.2727272727272727,0.047619047619047616,0.1348462785443866
14,1,0.0,0.1956521739130435,0.8043478260869565,0.12406015037593984,0.2302158273381295,0.1111111111111111,0.25806451612903225,0.3860759493670886,0.3148148148148148,0.30434782608695654,0.717391304347826,0.6521739130434783,0.07912457912457913,0.2895622895622896,0.050359712230215826,0.14170104867061387
15,1,0.15217391304347827,0.8478260869565217,0.0,0.13157894736842105,0.26618705035971224,0.12169312169312169,0.3225806451612903,0.3987341772151899,0.35185185185185186,0.2826086956521739,0.6956521739130435,0.6304347826086957,0.08754208754208755,0.30976430976430974,0.05263157894736842,0.15004818240116571
16,2,0.08695652173913043,0.8260869565217391,0.08695652173913043,0.13909774436090225,0.28776978417266186,0.12698412698412698,0.3548387096774194,0.4430379746835443,0.4074074074074074,0.2608695652173913,0.6739130434782609,0.6086956521739131,0.09932659932659933,0.3434343434343434,0.05755395683453238,0.16461387398406668
17,0,0.0,0.9782608695652174,0.021739130434782608,0.14661654135338345,0.33093525179856115,0.15873015873015872,0.3548387096774194,0.46835443037974683,0.4351851851851852,0.2391304347826087,0.6521739130434783,0.5869565217391305,0.1127946127946128,0.37373737373737376,0.06349206349206349,0.1746393625732131
18,2,0.0,0.6956521739130435,0.30434782608695654,0.16165413533834586,0.34532374100719426,0.1693121693121693,0.3870967741935484,0.4810126582278481,0.4351851851851852,0.21739130434782608,0.6304347826086957,0.5652173913043478,0.12121212121212122,0.3939393939393939,0.06766917293233082,0.18575278387733166
19,1,0.08695652173913043,0.8043478260869565,0.10869565217391304,0.16541353383458646,0.381294964028777,0.20105820105820105,0.41935483870967744,0.5063291139240507,0.4537037037037037,0.1956521739130435,0.6086956521739131,0.5434782608695652,0.13131313131313133,0.4276094276094276,0.06878306878306878,0.18791986747161196
20,1,0.021739130434782608,0.32608695652173914,0.6521739130434783,0.17669172932330826,0.4028776978417266,0.2222222222222222,0.41935483870967744,0.5569620253164557,0.49074074074074076,0.17391304347826086,0.5869565217391305,0.5217391304347826,0.14646464646464646,0.46464646464646464,0.07518796992481203,0.1929082134733564
21,2,0.45652173913043476,0.32608695652173914,0.21739130434782608,0.22556390977443608,0.4316546762589928,0.2275132275132275,0.41935483870967744,0.6012658227848101,0.5,0.15217391304347827,0.5652173913043478,0.5,0.15824915824915825,0.4882154882154882,0.07913669064748201,0.19598360601931775
22,0,0.0,0.6956521739130435,0.30434782608695654,0.24436090225563908,0.45323741007194246,0.25396825396825395,0.45161290322580644,0.6392405063291139,0.5185185185185185,0.13043478260869565,0.5434782608695652,0.4782608695652174,0.1750841750841751,0.5151515151515151,0.07936507936507936,0.20868576095199207
23,1,0.0,0.43478260869565216,0.5652173913043478,0.2556390977443609,0.4748201438848921,0.2698412698412698,0.5161290322580645,0.6835443037974683,0.5370370370370371,0.10869565217391304,0.5217391304347826,0.45652173913043476,0.18855218855218855,0.5555555555555556,0.08646616541353383,0.21873377274189817
24,1,0.0,0.3695652173913043,0.6304347826086957,0.2857142857142857,0.48201438848920863,0.2857142857142857,0.5806451612903226,0.6962025316455697,0.5740740740740741,0.08695652173913043,0.5,0.43478260869565216,0.1936026936026936,0.5656565656565656,0.10052910052910052,0.23863277648269254
25,1,0.0,0.7608695652173914,0.2391304347826087,0.3308270676691729,0.539568345323741,0.30687830687830686,0.5806451612903226,0.7215189873417721,0.6111111111111112,0.06521739130434782,0.4782608695652174,0.391304347826087,0.21717171717171718,0.5892255892255892,0.10071942446043165,0.23909637318954782
26,2,0.0,0.9130434782608695,0.08695652173913043,0.37593984962406013,0.5755395683453237,0.31216931216931215,0.6451612903225806,0.7468354430379747,0.6296296296296297,0.043478260869565216,0.45652173913043476,0.3695652173913043,0.23737373737373738,0.6094276094276094,0.10150375939849623,0.24070020576068515
27,1,0.0,0.8695652173913043,0.13043478260869565,0.5037593984962406,0.5755395683453237,0.3439153439153439,0.7096774193548387,0.7658227848101266,0.7222222222222222,0.021739130434782608,0.43478260869565216,0.32608695652173914,0.24915824915824916,0.6397306397306397,0.10902255639097744,0.2560748766150362
28,1,0.043478260869565216,0.8043478260869565,0.15217391304347827,1.0,0.60431654676259,0.37566137566137564,1.0,0.7848101265822784,0.7407407407407407,0.0,0.41304347826086957,0.30434782608695654,0.265993265993266,0.6599326599326599,0.1111111111111111,0.26034561851902266
29,1,0.0,0.5217391304347826,0.4782608695652174,,0.6690647482014388,0.4021164021164021,,0.8037974683544303,0.75,,0.391304347826087,0.2826086956521739,0.2878787878787879,0.6767676767676768,0.12169312169312169,0.2788976244128007
30,1,0.15217391304347827,0.8043478260869565,0.043478260869565216,,0.6906474820143885,0.43386243386243384,,0.8227848101265823,0.75,,0.3695652173913043,0.2608695652173913,0.2996632996632997,0.6936026936026936,0.1223021582733813,0.28138645111314425
31,1,0.043478260869565216,0.6739130434782609,0.2826086956521739,,0.7194244604316546,0.4603174603174603,,0.8291139240506329,0.7685185185185185,,0.34782608695652173,0.2391304347826087,0.3181818181818182,0.7138047138047138,0.12406015037593984,0.2911481287796719
32,1,0.0,0.8695652173913043,0.13043478260869565,,0.7697841726618705,0.48677248677248675,,0.8670886075949367,0.8055555555555556,,0.32608695652173914,0.21739130434782608,0.3383838383838384,0.7508417508417509,0.12698412698412698,0.3157474202118274
33,1,0.0,0.6521739130434783,0.34782608695652173,,0.7985611510791367,0.4973544973544973,,0.8734177215189873,0.8425925925925926,,0.30434782608695654,0.1956521739130435,0.36195286195286197,0.7609427609427609,0.12949640287769784,0.3288228724674178
34,0,0.8260869565217391,0.13043478260869565,0.043478260869565216,,0.7985611510791367,0.5291005291005291,,0.8924050632911392,0.8518518518518519,,0.2826086956521739,0.17391304347826086,0.37373737373737376,0.7811447811447811,0.13157894736842105,0.33691356631752994
35,0,0.0,0.41304347826086957,0.5869565217391305,,0.8129496402877698,0.5555555555555556,,0.9113924050632911,0.8703703703703703,,0.2608695652173913,0.15217391304347827,0.39057239057239057,0.7946127946127947,0.13909774436090225,0.35537143516277503
36,1,0.0,0.6521739130434783,0.34782608695652173,,0.8489208633093526,0.5978835978835979,,0.9177215189873418,0.9074074074074074,,0.2391304347826087,0.13043478260869565,0.4107744107744108,0.8047138047138047,0.14388489208633093,0.36027725163456187
37,1,0.3695652173913043,0.5,0.13043478260869565,,0.8920863309352518,0.6613756613756614,,0.9240506329113924,0.9074074074074074,,0.21739130434782608,0.10869565217391304,0.43602693602693604,0.8249158249158249,0.14661654135338345,0.36164616357512597
38,2,0.0,0.391304347826087,0.6086956521739131,,0.9064748201438849,0.708994708994709,,0.9430379746835443,0.9351851851851852,,0.1956521739130435,0.08695652173913043,0.4444444444444444,0.8518518518518519,0.15873015873015872,0.37637855075487536
39,1,0.0,0.41304347826086957,0.5869565217391305,,0.9136690647482014,0.7301587301587301,,0.9620253164556962,0.9537037037037037,,0.17391304347826086,0.06521739130434782,0.4612794612794613,0.8653198653198653,0.16165413533834586,0.37908181770133503
40,1,0.17391304347826086,0.5434782608695652,0.2826086956521739,,0.935251798561151,0.783068783068783,,0.9683544303797469,0.9537037037037037,,0.15217391304347827,0.043478260869565216,0.49663299663299665,0.8754208754208754,0.16541353383458646,0.3906219627615297
41,0,0.10869565217391304,0.2391304347826087,0.6521739130434783,,0.9424460431654677,0.8941798941798942,,0.9746835443037974,0.9629629629629629,,0.13043478260869565,0.021739130434782608,0.5202020202020202,0.8956228956228957,0.1693121693121693,0.3914385847196129
42,2,0.0,0.30434782608695654,0.6956521739130435,,0.9568345323741008,1.0,,0.9810126582278481,1.0,,0.10869565217391304,0.0,0.5488215488215489,0.9057239057239057,0.17669172932330826,0.394419247872595
43,0,0.021739130434782608,0.391304347826087,0.5869565217391305,,0.9568345323741008,,,0.9936708860759493,,,0.08695652173913043,,0.5774410774410774,0.9292929292929293,0.19424460431654678,0.40150899409625546
44,2,0.0,0.21739130434782608,0.782608695652174,,0.9784172661870504,,,0.9936708860759493,,,0.06521739130434782,,0.6094276094276094,0.936026936026936,0.20105820105820105,0.4078290602722343
45,2,0.0,0.8695652173913043,0.13043478260869565,,0.9928057553956835,,,1.0,,,0.043478260869565216,,0.6498316498316499,0.9461279461279462,0.20863309352517986,0.4178010706085103
46,1,0.21739130434782608,0.7391304347826086,0.043478260869565216,,1.0,,,1.0,,,0.0,,0.7424242424242424,0.9562289562289562,0.2222222222222222,0.42971306000433535
47,2,0.0,0.391304347826087,0.6086956521739131,,,,,,,,,,1.0,1.0,0.22556390977443608,0.4326423240928266
48,1,0.45652173913043476,0.2826086956521739,0.2608695652173913,,,,,,,,,,,,0.2275132275132275,0.43546615506599173
49,2,0.06521739130434782,0.06521739130434782,0.8695652173913043,,,,,,,,,,,,0.2302158273381295,0.43843529958030764
50,1,0.043478260869565216,0.8260869565217391,0.13043478260869565,,,,,,,,,,,,0.24436090225563908,0.45148661962363223
51,2,0.0,0.34782608695652173,0.6521739130434783,,,,,,,,,,,,0.25396825396825395,0.4731746679888779
52,2,0.021739130434782608,0.15217391304347827,0.8260869565217391,,,,,,,,,,,,0.2556390977443609,0.47720641151902027
53,2,0.0,0.6739130434782609,0.32608695652173914,,,,,,,,,,,,0.26618705035971224,0.4900880166970276
54,2,0.1956521739130435,0.6086956521739131,0.1956521739130435,,,,,,,,,,,,0.2698412698412698,0.49662245612973804
55,1,0.0,0.32608695652173914,0.6739130434782609,,,,,,,,,,,,0.2857142857142857,0.5311792669217468
56,2,0.0,0.2391304347826087,0.7608695652173914,,,,,,,,,,,,0.28776978417266186,0.533784777450033
57,0,0.43478260869565216,0.5434782608695652,0.021739130434782608,,,,,,,,,,,,0.30687830687830686,0.5486671184461666
58,1,0.06521739130434782,0.8478260869565217,0.08695652173913043,,,,,,,,,,,,0.31216931216931215,0.5558743457659115
59,1,0.0,0.7608695652173914,0.2391304347826087,,,,,,,,,,,,0.3308270676691729,0.5776614083591033
60,1,0.43478260869565216,0.2608695652173913,0.30434782608695654,,,,,,,,,,,,0.33093525179856115,0.577839308940912
61,1,0.0,0.6521739130434783,0.34782608695652173,,,,,,,,,,,,0.3439153439153439,0.6004528837431157
62,2,0.0,0.32608695652173914,0.6739130434782609,,,,,,,,,,,,0.34532374100719426,0.6018111361220296
63,2,0.021739130434782608,0.6521739130434783,0.32608695652173914,,,,,,,,,,,,0.37566137566137564,0.6292893306821894
64,1,0.0,0.5217391304347826,0.4782608695652174,,,,,,,,,,,,0.37593984962406013,0.6295198983045078
65,2,0.06521739130434782,0.21739130434782608,0.717391304347826,,,,,,,,,,,,0.381294964028777,0.6323019539622813
66,1,0.043478260869565216,0.5652173913043478,0.391304347826087,,,,,,,,,,,,0.4021164021164021,0.654516591910673
67,1,0.021739130434782608,0.43478260869565216,0.5434782608695652,,,,,,,,,,,,0.4028776978417266,0.6552400094672178
68,2,0.0,0.6521739130434783,0.34782608695652173,,,,,,,,,,,,0.4316546762589928,0.6748496094196629
69,1,0.021739130434782608,0.7391304347826086,0.2391304347826087,,,,,,,,,,,,0.43386243386243384,0.6765159052747425
70,2,0.0,0.45652173913043476,0.5434782608695652,,,,,,,,,,,,0.45323741007194246,0.695659915647228
71,2,0.0,0.10869565217391304,0.8913043478260869,,,,,,,,,,,,0.4603174603174603,0.7033476382250191
72,0,0.1956521739130435,0.6739130434782609,0.13043478260869565,,,,,,,,,,,,0.4748201438848921,0.7224790294560136
73,1,0.21739130434782608,0.6739130434782609,0.10869565217391304,,,,,,,,,,,,0.48201438848920863,0.7312661697531434
74,0,0.21739130434782608,0.7608695652173914,0.021739130434782608,,,,,,,,,,,,0.48677248677248675,0.734984809525038
75,1,0.41304347826086957,0.5652173913043478,0.021739130434782608,,,,,,,,,,,,0.4973544973544973,0.7506624717851388
76,1,0.5,0.4782608695652174,0.021739130434782608,,,,,,,,,,,,0.5037593984962406,0.7533018972098414
77,2,0.0,0.7608695652173914,0.2391304347826087,,,,,,,,,,,,0.5291005291005291,0.7644231401887588
78,0,0.717391304347826,0.2608695652173913,0.021739130434782608,,,,,,,,,,,,0.539568345323741,0.7704418463241375
79,1,0.08695652173913043,0.8913043478260869,0.021739130434782608,,,,,,,,,,,,0.5555555555555556,0.7810405218190709
80,1,0.15217391304347827,0.8478260869565217,0.0,,,,,,,,,,,,0.5755395683453237,0.8017837141911913
81,2,0.0,0.32608695652173914,0.6739130434782609,,,,,,,,,,,,0.5978835978835979,0.8175724085108868
82,2,0.0,0.4782608695652174,0.5217391304347826,,,,,,,,,,,,0.60431654676259,0.8202417694717689
83,1,0.0,0.5434782608695652,0.45652173913043476,,,,,,,,,,,,0.6613756613756614,0.836946641855675
84,2,0.0,0.34782608695652173,0.6521739130434783,,,,,,,,,,,,0.6690647482014388,0.8406928322796362
85,2,0.0,0.41304347826086957,0.5869565217391305,,,,,,,,,,,,0.6906474820143885,0.8554275384454361
86,2,0.0,0.2391304347826087,0.7608695652173914,,,,,,,,,,,,0.708994708994709,0.8639181093243976
87,2,0.0,0.391304347826087,0.6086956521739131,,,,,,,,,,,,0.7194244604316546,0.8697587030210437
88,2,0.41304347826086957,0.5869565217391305,0.0,,,,,,,,,,,,0.7301587301587301,0.8776809973459724
89,2,0.0,0.06521739130434782,0.9347826086956522,,,,,,,,,,,,0.7697841726618705,0.895368641836637
90,2,0.06521739130434782,0.4782608695652174,0.45652173913043476,,,,,,,,,,,,0.783068783068783,0.898933260152125
91,1,0.0,0.9130434782608695,0.08695652173913043,,,,,,,,,,,,0.7985611510791367,0.909849736699078
92,1,0.0,0.2826086956521739,0.717391304347826,,,,,,,,,,,,0.8129496402877698,0.9193844972495225
93,1,0.06521739130434782,0.8260869565217391,0.10869565217391304,,,,,,,,,,,,0.8489208633093526,0.9295083184568574
94,1,0.0,0.17391304347826086,0.8260869565217391,,,,,,,,,,,,0.8920863309352518,0.9412349629773894
95,1,0.15217391304347827,0.782608695652174,0.06521739130434782,,,,,,,,,,,,0.8941798941798942,0.9426222958617133
96,1,0.0,0.9130434782608695,0.08695652173913043,,,,,,,,,,,,0.9064748201438849,0.9518626058357441
97,1,0.0,0.7391304347826086,0.2608695652173913,,,,,,,,,,,,0.9136690647482014,0.9604340314822642
98,1,0.21739130434782608,0.45652173913043476,0.32608695652173914,,,,,,,,,,,,0.935251798561151,0.9692706712910232
99,2,0.0,0.10869565217391304,0.8913043478260869,,,,,,,,,,,,0.9424460431654677,0.9736226876548429
100,1,0.30434782608695654,0.6521739130434783,0.043478260869565216,,,,,,,,,,,,0.9568345323741008,0.9844364250238327
101,1,0.0,0.41304347826086957,0.5869565217391305,,,,,,,,,,,,0.9784172661870504,0.9911633601912412
102,2,0.0,0.5652173913043478,0.43478260869565216,,,,,,,,,,,,0.9928057553956835,0.9977576882775305
103,0,0.0,0.4782608695652174,0.5217391304347826,,,,,,,,,,,,1.0,1.0
104,1,0.021739130434782608,0.5217391304347826,0.45652173913043476,,,,,,,,,,,,,
105,2,0.0,0.21739130434782608,0.782608695652174,,,,,,,,,,,,,
106,1,0.21739130434782608,0.7608695652173914,0.021739130434782608,,,,,,,,,,,,,
107,1,0.0,0.5652173913043478,0.43478260869565216,,,,,,,,,,,,,
108,2,0.0,0.4782608695652174,0.5217391304347826,,,,,,,,,,,,,
109,1,0.17391304347826086,0.6739130434782609,0.15217391304347827,,,,,,,,,,,,,
110,2,0.021739130434782608,0.5652173913043478,0.41304347826086957,,,,,,,,,,,,,
111,2,0.0,0.6086956521739131,0.391304347826087,,,,,,,,,,,,,
112,1,0.0,0.9347826086956522,0.06521739130434782,,,,,,,,,,,,,
113,0,0.41304347826086957,0.5869565217391305,0.0,,,,,,,,,,,,,
114,2,0.021739130434782608,0.391304347826087,0.5869565217391305,,,,,,,,,,,,,
115,2,0.0,0.3695652173913043,0.6304347826086957,,,,,,,,,,,,,
116,2,0.0,0.5652173913043478,0.43478260869565216,,,,,,,,,,,,,
117,1,0.17391304347826086,0.5652173913043478,0.2608695652173913,,,,,,,,,,,,,
118,2,0.06521739130434782,0.2391304347826087,0.6956521739130435,,,,,,,,,,,,,
119,2,0.0,0.34782608695652173,0.6521739130434783,,,,,,,,,,,,,
120,1,0.13043478260869565,0.34782608695652173,0.5217391304347826,,,,,,,,,,,,,
121,1,0.43478260869565216,0.5652173913043478,0.0,,,,,,,,,,,,,
122,1,0.0,0.32608695652173914,0.6739130434782609,,,,,,,,,,,,,
123,2,0.021739130434782608,0.1956521739130435,0.782608695652174,,,,,,,,,,,,,
124,1,0.021739130434782608,0.6739130434782609,0.30434782608695654,,,,,,,,,,,,,
125,2,0.0,0.30434782608695654,0.6956521739130435,,,,,,,,,,,,,
126,1,0.043478260869565216,0.9347826086956522,0.021739130434782608,,,,,,,,,,,,,
127,1,0.2826086956521739,0.5869565217391305,0.13043478260869565,,,,,,,,,,,,,
128,1,0.0,0.717391304347826,0.2826086956521739,,,,,,,,,,,,,
129,0,0.08695652173913043,0.8913043478260869,0.021739130434782608,,,,,,,,,,,,,
130,1,0.0,0.8260869565217391,0.17391304347826086,,,,,,,,,,,,,
131,1,0.0,0.2608695652173913,0.7391304347826086,,,,,,,,,,,,,
132,2,0.0,0.4782608695652174,0.5217391304347826,,,,,,,,,,,,,
133,1,0.0,0.2391304347826087,0.7608695652173914,,,,,,,,,,,,,
134,1,0.0,0.6086956521739131,0.391304347826087,,,,,,,,,,,,,
135,2,0.0,0.391304347826087,0.6086956521739131,,,,,,,,,,,,,
136,1,0.32608695652173914,0.45652173913043476,0.21739130434782608,,,,,,,,,,,,,
137,1,0.0,0.1956521739130435,0.8043478260869565,,,,,,,,,,,,,
138,1,0.45652173913043476,0.4782608695652174,0.06521739130434782,,,,,,,,,,,,,
139,2,0.043478260869565216,0.41304347826086957,0.5434782608695652,,,,,,,,,,,,,
140,1,0.15217391304347827,0.8478260869565217,0.0,,,,,,,,,,,,,
141,2,0.06521739130434782,0.7608695652173914,0.17391304347826086,,,,,,,,,,,,,
142,1,0.43478260869565216,0.2608695652173913,0.30434782608695654,,,,,,,,,,,,,
143,1,0.08695652173913043,0.8043478260869565,0.10869565217391304,,,,,,,,,,,,,
144,1,0.0,0.717391304347826,0.2826086956521739,,,,,,,,,,,,,
145,1,0.06521739130434782,0.717391304347826,0.21739130434782608,,,,,,,,,,,,,
146,1,0.5217391304347826,0.4782608695652174,0.0,,,,,,,,,,,,,
147,0,0.043478260869565216,0.9347826086956522,0.021739130434782608,,,,,,,,,,,,,
148,1,0.15217391304347827,0.8478260869565217,0.0,,,,,,,,,,,,,
149,0,0.13043478260869565,0.7608695652173914,0.10869565217391304,,,,,,,,,,,,,
150,2,0.0,0.8478260869565217,0.15217391304347827,,,,,,,,,,,,,
151,1,0.021739130434782608,0.9565217391304348,0.021739130434782608,,,,,,,,,,,,,
152,0,0.2826086956521739,0.717391304347826,0.0,,,,,,,,,,,,,
153,1,0.021739130434782608,0.8043478260869565,0.17391304347826086,,,,,,,,,,,,,
154,1,0.15217391304347827,0.8478260869565217,0.0,,,,,,,,,,,,,
155,1,0.021739130434782608,0.9782608695652174,0.0,,,,,,,,,,,,,
156,1,0.043478260869565216,0.9347826086956522,0.021739130434782608,,,,,,,,,,,,,
157,2,0.0,0.8043478260869565,0.1956521739130435,,,,,,,,,,,,,
158,1,0.0,0.6304347826086957,0.3695652173913043,,,,,,,,,,,,,
159,2,0.021739130434782608,0.32608695652173914,0.6521739130434783,,,,,,,,,,,,,
160,2,0.0,0.717391304347826,0.2826086956521739,,,,,,,,,,,,,
161,0,0.021739130434782608,0.8695652173913043,0.10869565217391304,,,,,,,,,,,,,
162,1,0.10869565217391304,0.8478260869565217,0.043478260869565216,,,,,,,,,,,,,
163,2,0.0,0.32608695652173914,0.6739130434782609,,,,,,,,,,,,,
164,2,0.0,0.6739130434782609,0.32608695652173914,,,,,,,,,,,,,
165,0,0.0,0.9130434782608695,0.08695652173913043,,,,,,,,,,,,,
166,1,0.021739130434782608,0.08695652173913043,0.8913043478260869,,,,,,,,,,,,,
167,1,0.0,0.8913043478260869,0.10869565217391304,,,,,,,,,,,,,
168,2,0.021739130434782608,0.45652173913043476,0.5217391304347826,,,,,,,,,,,,,
169,1,0.0,0.6956521739130435,0.30434782608695654,,,,,,,,,,,,,
170,1,0.08695652173913043,0.7391304347826086,0.17391304347826086,,,,,,,,,,,,,
171,2,0.0,0.21739130434782608,0.782608695652174,,,,,,,,,,,,,
172,2,0.021739130434782608,0.6521739130434783,0.32608695652173914,,,,,,,,,,,,,
173,1,0.0,1.0,0.0,,,,,,,,,,,,,
174,1,0.021739130434782608,0.9782608695652174,0.0,,,,,,,,,,,,,
175,2,0.0,0.391304347826087,0.6086956521739131,,,,,,,,,,,,,
176,2,0.0,0.8695652173913043,0.13043478260869565,,,,,,,,,,,,,
177,1,0.021739130434782608,0.1956521739130435,0.782608695652174,,,,,,,,,,,,,
178,2,0.0,0.6956521739130435,0.30434782608695654,,,,,,,,,,,,,
179,2,0.0,0.391304347826087,0.6086956521739131,,,,,,,,,,,,,
180,2,0.0,0.06521739130434782,0.9347826086956522,,,,,,,,,,,,,
181,1,0.0,0.17391304347826086,0.8260869565217391,,,,,,,,,,,,,
182,1,0.06521739130434782,0.15217391304347827,0.782608695652174,,,,,,,,,,,,,
183,2,0.0,1.0,0.0,,,,,,,,,,,,,
184,1,0.0,0.782608695652174,0.21739130434782608,,,,,,,,,,,,,
185,0,0.0,0.32608695652173914,0.6739130434782609,,,,,,,,,,,,,
186,2,0.0,0.5869565217391305,0.41304347826086957,,,,,,,,,,,,,
187,2,0.0,0.9130434782608695,0.08695652173913043,,,,,,,,,,,,,
188,1,0.5652173913043478,0.17391304347826086,0.2608695652173913,,,,,,,,,,,,,
189,1,0.13043478260869565,0.782608695652174,0.08695652173913043,,,,,,,,,,,,,
190,1,0.13043478260869565,0.6086956521739131,0.2608695652173913,,,,,,,,,,,,,
191,2,0.15217391304347827,0.6304347826086957,0.21739130434782608,,,,,,,,,,,,,
192,1,0.34782608695652173,0.6304347826086957,0.021739130434782608,,,,,,,,,,,,,
193,2,0.0,0.5652173913043478,0.43478260869565216,,,,,,,,,,,,,
194,1,0.0,0.5869565217391305,0.41304347826086957,,,,,,,,,,,,,
195,1,0.30434782608695654,0.6086956521739131,0.08695652173913043,,,,,,,,,,,,,
196,1,0.41304347826086957,0.5652173913043478,0.021739130434782608,,,,,,,,,,,,,
197,1,0.0,0.7608695652173914,0.2391304347826087,,,,,,,,,,,,,
198,0,0.08695652173913043,0.391304347826087,0.5217391304347826,,,,,,,,,,,,,
199,1,0.0,0.8260869565217391,0.17391304347826086,,,,,,,,,,,,,
200,1,0.34782608695652173,0.6086956521739131,0.043478260869565216,,,,,,,,,,,,,
201,2,0.15217391304347827,0.8260869565217391,0.021739130434782608,,,,,,,,,,,,,
202,1,0.32608695652173914,0.5869565217391305,0.08695652173913043,,,,,,,,,,,,,
203,1,0.0,0.8913043478260869,0.10869565217391304,,,,,,,,,,,,,
204,2,0.2391304347826087,0.6956521739130435,0.06521739130434782,,,,,,,,,,,,,
205,2,0.0,0.41304347826086957,0.5869565217391305,,,,,,,,,,,,,
206,1,0.3695652173913043,0.5869565217391305,0.043478260869565216,,,,,,,,,,,,,
207,1,0.021739130434782608,0.5434782608695652,0.43478260869565216,,,,,,,,,,,,,
208,2,0.30434782608695654,0.34782608695652173,0.34782608695652173,,,,,,,,,,,,,
209,2,0.043478260869565216,0.8260869565217391,0.13043478260869565,,,,,,,,,,,,,
210,1,0.0,0.6739130434782609,0.32608695652173914,,,,,,,,,,,,,
211,1,0.08695652173913043,0.8260869565217391,0.08695652173913043,,,,,,,,,,,,,
212,1,0.0,0.43478260869565216,0.5652173913043478,,,,,,,,,,,,,
213,1,0.021739130434782608,0.782608695652174,0.1956521739130435,,,,,,,,,,,,,
214,1,0.15217391304347827,0.7391304347826086,0.10869565217391304,,,,,,,,,,,,,
215,2,0.0,0.8478260869565217,0.15217391304347827,,,,,,,,,,,,,
216,2,0.043478260869565216,0.6086956521739131,0.34782608695652173,,,,,,,,,,,,,
217,1,0.0,0.5217391304347826,0.4782608695652174,,,,,,,,,,,,,
218,1,0.43478260869565216,0.5217391304347826,0.043478260869565216,,,,,,,,,,,,,
219,2,0.0,0.0,1.0,,,,,,,,,,,,,
220,1,0.08695652173913043,0.8913043478260869,0.021739130434782608,,,,,,,,,,,,,
221,1,0.5434782608695652,0.30434782608695654,0.15217391304347827,,,,,,,,,,,,,
222,2,0.15217391304347827,0.782608695652174,0.06521739130434782,,,,,,,,,,,,,
223,1,0.0,0.8913043478260869,0.10869565217391304,,,,,,,,,,,,,
224,2,0.391304347826087,0.4782608695652174,0.13043478260869565,,,,,,,,,,,,,
225,2,0.2608695652173913,0.5434782608695652,0.1956521739130435,,,,,,,,,,,,,
226,1,0.45652173913043476,0.5434782608695652,0.0,,,,,,,,,,,,,
227,2,0.0,0.6521739130434783,0.34782608695652173,,,,,,,,,,,,,
228,1,0.06521739130434782,0.391304347826087,0.5434782608695652,,,,,,,,,,,,,
229,1,0.021739130434782608,0.7608695652173914,0.21739130434782608,,,,,,,,,,,,,
230,1,0.0,0.5,0.5,,,,,,,,,,,,,
231,2,0.15217391304347827,0.4782608695652174,0.3695652173913043,,,,,,,,,,,,,
232,2,0.30434782608695654,0.6956521739130435,0.0,,,,,,,,,,,,,
233,2,0.021739130434782608,0.17391304347826086,0.8043478260869565,,,,,,,,,,,,,
234,1,0.15217391304347827,0.5869565217391305,0.2608695652173913,,,,,,,,,,,,,
235,2,0.021739130434782608,0.6521739130434783,0.32608695652173914,,,,,,,,,,,,,
236,1,0.34782608695652173,0.32608695652173914,0.32608695652173914,,,,,,,,,,,,,
237,1,0.043478260869565216,0.3695652173913043,0.5869565217391305,,,,,,,,,,,,,
238,2,0.0,0.782608695652174,0.21739130434782608,,,,,,,,,,,,,
239,1,0.0,0.8260869565217391,0.17391304347826086,,,,,,,,,,,,,
240,1,0.021739130434782608,0.9782608695652174,0.0,,,,,,,,,,,,,
241,2,0.06521739130434782,0.30434782608695654,0.6304347826086957,,,,,,,,,,,,,
242,2,0.0,0.2608695652173913,0.7391304347826086,,,,,,,,,,,,,
243,1,0.0,0.5217391304347826,0.4782608695652174,,,,,,,,,,,,,
244,1,0.0,0.45652173913043476,0.5434782608695652,,,,,,,,,,,,,
245,0,0.0,0.45652173913043476,0.5434782608695652,,,,,,,,,,,,,
246,1,0.0,0.45652173913043476,0.5434782608695652,,,,,,,,,,,,,
247,1,0.0,0.10869565217391304,0.8913043478260869,,,,,,,,,,,,,
248,1,0.6304347826086957,0.32608695652173914,0.043478260869565216,,,,,,,,,,,,,
249,0,0.4782608695652174,0.5217391304347826,0.0,,,,,,,,,,,,,
250,1,0.4782608695652174,0.2826086956521739,0.2391304347826087,,,,,,,,,,,,,
251,2,0.0,0.15217391304347827,0.8478260869565217,,,,,,,,,,,,,
252,1,0.0,0.13043478260869565,0.8695652173913043,,,,,,,,,,,,,
253,2,0.0,0.3695652173913043,0.6304347826086957,,,,,,,,,,,,,
254,1,0.021739130434782608,0.043478260869565216,0.9347826086956522,,,,,,,,,,,,,
255,1,0.2391304347826087,0.6739130434782609,0.08695652173913043,,,,,,,,,,,,,
256,1,0.0,0.5652173913043478,0.43478260869565216,,,,,,,,,,,,,
257,2,0.2826086956521739,0.717391304347826,0.0,,,,,,,,,,,,,
258,2,0.021739130434782608,0.32608695652173914,0.6521739130434783,,,,,,,,,,,,,
259,0,0.043478260869565216,0.9347826086956522,0.021739130434782608,,,,,,,,,,,,,
260,2,0.0,0.5217391304347826,0.4782608695652174,,,,,,,,,,,,,
261,1,0.06521739130434782,0.391304347826087,0.5434782608695652,,,,,,,,,,,,,
262,0,0.43478260869565216,0.5434782608695652,0.021739130434782608,,,,,,,,,,,,,
263,0,0.782608695652174,0.21739130434782608,0.0,,,,,,,,,,,,,
264,1,0.0,0.782608695652174,0.21739130434782608,,,,,,,,,,,,,
265,2,0.0,0.1956521739130435,0.8043478260869565,,,,,,,,,,,,,
266,1,0.0,0.391304347826087,0.6086956521739131,,,,,,,,,,,,,
267,2,0.0,0.7608695652173914,0.2391304347826087,,,,,,,,,,,,,
268,1,0.021739130434782608,0.6956521739130435,0.2826086956521739,,,,,,,,,,,,,
269,1,0.3695652173913043,0.5869565217391305,0.043478260869565216,,,,,,,,,,,,,
270,1,0.391304347826087,0.4782608695652174,0.13043478260869565,,,,,,,,,,,,,
271,1,0.34782608695652173,0.5434782608695652,0.10869565217391304,,,,,,,,,,,,,
272,2,0.0,0.6521739130434783,0.34782608695652173,,,,,,,,,,,,,
273,2,0.0,0.5217391304347826,0.4782608695652174,,,,,,,,,,,,,
274,1,0.13043478260869565,0.8478260869565217,0.021739130434782608,,,,,,,,,,,,,
275,2,0.0,0.5,0.5,,,,,,,,,,,,,
276,2,0.0,0.3695652173913043,0.6304347826086957,,,,,,,,,,,,,
277,2,0.10869565217391304,0.45652173913043476,0.43478260869565216,,,,,,,,,,,,,
278,1,0.10869565217391304,0.08695652173913043,0.8043478260869565,,,,,,,,,,,,,
279,1,0.0,0.5434782608695652,0.45652173913043476,,,,,,,,,,,,,
280,1,0.0,0.32608695652173914,0.6739130434782609,,,,,,,,,,,,,
281,2,0.021739130434782608,0.7608695652173914,0.21739130434782608,,,,,,,,,,,,,
282,1,0.021739130434782608,0.8478260869565217,0.13043478260869565,,,,,,,,,,,,,
283,2,0.0,0.6304347826086957,0.3695652173913043,,,,,,,,,,,,,
284,2,0.0,0.043478260869565216,0.9565217391304348,,,,,,,,,,,,,
285,2,0.0,0.6086956521739131,0.391304347826087,,,,,,,,,,,,,
286,2,0.0,0.2391304347826087,0.7608695652173914,,,,,,,,,,,,,
287,1,0.0,0.8043478260869565,0.1956521739130435,,,,,,,,,,,,,
288,2,0.08695652173913043,0.45652173913043476,0.45652173913043476,,,,,,,,,,,,,
289,2,0.0,0.043478260869565216,0.9565217391304348,,,,,,,,,,,,,
290,0,0.2826086956521739,0.6086956521739131,0.10869565217391304,,,,,,,,,,,,,
291,1,0.043478260869565216,0.9565217391304348,0.0,,,,,,,,,,,,,
292,2,0.0,0.30434782608695654,0.6956521739130435,,,,,,,,,,,,,
293,2,0.0,0.15217391304347827,0.8478260869565217,,,,,,,,,,,,,
294,1,0.0,0.5869565217391305,0.41304347826086957,,,,,,,,,,,,,
295,2,0.043478260869565216,0.7608695652173914,0.1956521739130435,,,,,,,,,,,,,
296,0,0.10869565217391304,0.7391304347826086,0.15217391304347827,,,,,,,,,,,,,
297,,,,,,,,,,,,,,,,,
298,,,,,,,,,,,,,,,,,
299,,,,,,,,,,,,,,,,,
300,,,,,,,,,,,,,,,,,
301,,,,,,,,,,,,,,,,,
302,,,,,,,,,,,,,,,,,
303,,,,,,,,,,,,,,,,,
304,,,,,,,,,,,,,,,,,
305,,,,,,,,,,,,,,,,,
306,,,,,,,,,,,,,,,,,
307,,,,,,,,,,,,,,,,,
308,,,,,,,,,,,,,,,,,
309,,,,,,,,,,,,,,,,,
310,,,,,,,,,,,,,,,,,
311,,,,,,,,,,,,,,,,,
312,,,,,,,,,,,,,,,,,
313,,,,,,,,,,,,,,,,,
314,,,,,,,,,,,,,,,,,
315,,,,,,,,,,,,,,,,,
316,,,,,,,,,,,,,,,,,
317,,,,,,,,,,,,,,,,,
318,,,,,,,,,,,,,,,,,
319,,,,,,,,,,,,,,,,,
320,,,,,,,,,,,,,,,,,
321,,,,,,,,,,,,,,,,,
322,,,,,,,,,,,,,,,,,
323,,,,,,,,,,,,,,,,,
324,,,,,,,,,,,,,,,,,
325,,,,,,,,,,,,,,,,,
326,,,,,,,,,,,,,,,,,
327,,,,,,,,,,,,,,,,,
328,,,,,,,,,,,,,,,,,
329,,,,,,,,,,,,,,,,,
330,,,,,,,,,,,,,,,,,
331,,,,,,,,,,,,,,,,,
332,,,,,,,,,,,,,,,,,
333,,,,,,,,,,,,,,,,,
334,,,,,,,,,,,,,,,,,
335,,,,,,,,,,,,,,,,,
336,,,,,,,,,,,,,,,,,
337,,,,,,,,,,,,,,,,,
338,,,,,,,,,,,,,,,,,
339,,,,,,,,,,,,,,,,,
340,,,,,,,,,,,,,,,,,
341,,,,,,,,,,,,,,,,,
342,,,,,,,,,,,,,,,,,
343,,,,,,,,,,,,,,,,,
344,,,,,,,,,,,,,,,,,
345,,,,,,,,,,,,,,,,,
346,,,,,,,,,,,,,,,,,
347,,,,,,,,,,,,,,,,,
348,,,,,,,,,,,,,,,,,
349,,,,,,,,,,,,,,,,,
350,,,,,,,,,,,,,,,,,
351,,,,,,,,,,,,,,,,,
352,,,,,,,,,,,,,,,,,
353,,,,,,,,,,,,,,,,,
354,,,,,,,,,,,,,,,,,
355,,,,,,,,,,,,,,,,,
356,,,,,,,,,,,,,,,,,
357,,,,,,,,,,,,,,,,,
358,,,,,,,,,,,,,,,,,
359,,,,,,,,,,,,,,,,,
360,,,,,,,,,,,,,,,,,
361,,,,,,,,,,,,,,,,,
362,,,,,,,,,,,,,,,,,
363,,,,,,,,,,,,,,,,,
364,,,,,,,,,,,,,,,,,
365,,,,,,,,,,,,,,,,,
366,,,,,,,,,,,,,,,,,
367,,,,,,,,,,,,,,,,,
368,,,,,,,,,,,,,,,,,
369,,,,,,,,,,,,,,,,,
370,,,,,,,,,,,,,,,,,
371,,,,,,,,,,,,,,,,,
372,,,,,,,,,,,,,,,,,
373,,,,,,,,,,,,,,,,,
374,,,,,,,,,,,,,,,,,
375,,,,,,,,,,,,,,,,,
376,,,,,,,,,,,,,,,,,
377,,,,,,,,,,,,,,,,,
378,,,,,,,,,,,,,,,,,
379,,,,,,,,,,,,,,,,,
380,,,,,,,,,,,,,,,,,
381,,,,,,,,,,,,,,,,,
382,,,,,,,,,,,,,,,,,
383,,,,,,,,,,,,,,,,,
384,,,,,,,,,,,,,,,,,
385,,,,,,,,,,,,,,,,,
386,,,,,,,,,,,,,,,,,
387,,,,,,,,,,,,,,,,,
388,,,,,,,,,,,,,,,,,
389,,,,,,,,,,,,,,,,,
390,,,,,,,,,,,,,,,,,
391,,,,,,,,,,,,,,,,,
392,,,,,,,,,,,,,,,,,
393,,,,,,,,,,,,,,,,,
394,,,,,,,,,,,,,,,,,
395,,,,,,,,,,,,,,,,,
396,,,,,,,,,,,,,,,,,
397,,,,,,,,,,,,,,,,,
398,,,,,,,,,,,,,,,,,
399,,,,,,,,,,,,,,,,,
400,,,,,,,,,,,,,,,,,
401,,,,,,,,,,,,,,,,,
402,,,,,,,,,,,,,,,,,
403,,,,,,,,,,,,,,,,,
404,,,,,,,,,,,,,,,,,
405,,,,,,,,,,,,,,,,,
406,,,,,,,,,,,,,,,,,
407,,,,,,,,,,,,,,,,,
408,,,,,,,,,,,,,,,,,
409,,,,,,,,,,,,,,,,,
410,,,,,,,,,,,,,,,,,
411,,,,,,,,,,,,,,,,,
412,,,,,,,,,,,,,,,,,
413,,,,,,,,,,,,,,,,,
414,,,,,,,,,,,,,,,,,
415,,,,,,,,,,,,,,,,,
416,,,,,,,,,,,,,,,,,
417,,,,,,,,,,,,,,,,,
418,,,,,,,,,,,,,,,,,
419,,,,,,,,,,,,,,,,,
420,,,,,,,,,,,,,,,,,
421,,,,,,,,,,,,,,,,,
422,,,,,,,,,,,,,,,,,
423,,,,,,,,,,,,,,,,,
424,,,,,,,,,,,,,,,,,
425,,,,,,,,,,,,,,,,,
426,,,,,,,,,,,,,,,,,
427,,,,,,,,,,,,,,,,,
428,,,,,,,,,,,,,,,,,
429,,,,,,,,,,,,,,,,,
430,,,,,,,,,,,,,,,,,
431,,,,,,,,,,,,,,,,,
432,,,,,,,,,,,,,,,,,
433,,,,,,,,,,,,,,,,,
434,,,,,,,,,,,,,,,,,
435,,,,,,,,,,,,,,,,,
436,,,,,,,,,,,,,,,,,
437,,,,,,,,,,,,,,,,,
438,,,,,,,,,,,,,,,,,
439,,,,,,,,,,,,,,,,,
440,,,,,,,,,,,,,,,,,
441,,,,,,,,,,,,,,,,,
442,,,,,,,,,,,,,,,,,
443,,,,,,,,,,,,,,,,,
444,,,,,,,,,,,,,,,,,
445,,,,,,,,,,,,,,,,,
446,,,,,,,,,,,,,,,,,
447,,,,,,,,,,,,,,,,,
448,,,,,,,,,,,,,,,,,
449,,,,,,,,,,,,,,,,,
450,,,,,,,,,,,,,,,,,
451,,,,,,,,,,,,,,,,,
452,,,,,,,,,,,,,,,,,
453,,,,,,,,,,,,,,,,,
454,,,,,,,,,,,,,,,,,
455,,,,,,,,,,,,,,,,,
456,,,,,,,,,,,,,,,,,
457,,,,,,,,,,,,,,,,,
458,,,,,,,,,,,,,,,,,
459,,,,,,,,,,,,,,,,,
460,,,,,,,,,,,,,,,,,
461,,,,,,,,,,,,,,,,,
462,,,,,,,,,,,,,,,,,
463,,,,,,,,,,,,,,,,,
464,,,,,,,,,,,,,,,,,
465,,,,,,,,,,,,,,,,,
466,,,,,,,,,,,,,,,,,
467,,,,,,,,,,,,,,,,,
468,,,,,,,,,,,,,,,,,
469,,,,,,,,,,,,,,,,,
470,,,,,,,,,,,,,,,,,
471,,,,,,,,,,,,,,,,,
472,,,,,,,,,,,,,,,,,
473,,,,,,,,,,,,,,,,,
474,,,,,,,,,,,,,,,,,
475,,,,,,,,,,,,,,,,,
476,,,,,,,,,,,,,,,,,
477,,,,,,,,,,,,,,,,,
478,,,,,,,,,,,,,,,,,
479,,,,,,,,,,,,,,,,,
480,,,,,,,,,,,,,,,,,
481,,,,,,,,,,,,,,,,,
482,,,,,,,,,,,,,,,,,
483,,,,,,,,,,,,,,,,,
484,,,,,,,,,,,,,,,,,
485,,,,,,,,,,,,,,,,,
486,,,,,,,,,,,,,,,,,
487,,,,,,,,,,,,,,,,,
488,,,,,,,,,,,,,,,,,
489,,,,,,,,,,,,,,,,,
490,,,,,,,,,,,,,,,,,
491,,,,,,,,,,,,,,,,,
492,,,,,,,,,,,,,,,,,
493,,,,,,,,,,,,,,,,,
494,,,,,,,,,,,,,,,,,
495,,,,,,,,,,,,,,,,,
496,,,,,,,,,,,,,,,,,
497,,,,,,,,,,,,,,,,,
498,,,,,,,,,,,,,,,,,
499,,,,,,,,,,,,,,,,,
500,,,,,,,,,,,,,,,,,
501,,,,,,,,,,,,,,,,,
502,,,,,,,,,,,,,,,,,
503,,,,,,,,,,,,,,,,,
504,,,,,,,,,,,,,,,,,
505,,,,,,,,,,,,,,,,,
506,,,,,,,,,,,,,,,,,
507,,,,,,,,,,,,,,,,,
508,,,,,,,,,,,,,,,,,
509,,,,,,,,,,,,,,,,,
510,,,,,,,,,,,,,,,,,
511,,,,,,,,,,,,,,,,,
512,,,,,,,,,,,,,,,,,
513,,,,,,,,,,,,,,,,,
514,,,,,,,,,,,,,,,,,
515,,,,,,,,,,,,,,,,,
516,,,,,,,,,,,,,,,,,
517,,,,,,,,,,,,,,,,,
518,,,,,,,,,,,,,,,,,
519,,,,,,,,,,,,,,,,,
520,,,,,,,,,,,,,,,,,
521,,,,,,,,,,,,,,,,,
522,,,,,,,,,,,,,,,,,
523,,,,,,,,,,,,,,,,,
524,,,,,,,,,,,,,,,,,
525,,,,,,,,,,,,,,,,,
526,,,,,,,,,,,,,,,,,
527,,,,,,,,,,,,,,,,,
528,,,,,,,,,,,,,,,,,
529,,,,,,,,,,,,,,,,,
530,,,,,,,,,,,,,,,,,
531,,,,,,,,,,,,,,,,,
532,,,,,,,,,,,,,,,,,
533,,,,,,,,,,,,,,,,,
534,,,,,,,,,,,,,,,,,
535,,,,,,,,,,,,,,,,,
536,,,,,,,,,,,,,,,,,
537,,,,,,,,,,,,,,,,,
538,,,,,,,,,,,,,,,,,
539,,,,,,,,,,,,,,,,,
540,,,,,,,,,,,,,,,,,
541,,,,,,,,,,,,,,,,,
542,,,,,,,,,,,,,,,,,
543,,,,,,,,,,,,,,,,,
544,,,,,,,,,,,,,,,,,
545,,,,,,,,,,,,,,,,,
546,,,,,,,,,,,,,,,,,
547,,,,,,,,,,,,,,,,,
548,,,,,,,,,,,,,,,,,
549,,,,,,,,,,,,,,,,,
550,,,,,,,,,,,,,,,,,
551,,,,,,,,,,,,,,,,,
552,,,,,,,,,,,,,,,,,
553,,,,,,,,,,,,,,,,,
554,,,,,,,,,,,,,,,,,
555,,,,,,,,,,,,,,,,,
556,,,,,,,,,,,,,,,,,
557,,,,,,,,,,,,,,,,,
558,,,,,,,,,,,,,,,,,
559,,,,,,,,,,,,,,,,,
560,,,,,,,,,,,,,,,,,
561,,,,,,,,,,,,,,,,,
562,,,,,,,,,,,,,,,,,
563,,,,,,,,,,,,,,,,,
564,,,,,,,,,,,,,,,,,
565,,,,,,,,,,,,,,,,,
566,,,,,,,,,,,,,,,,,
567,,,,,,,,,,,,,,,,,
568,,,,,,,,,,,,,,,,,
569,,,,,,,,,,,,,,,,,
570,,,,,,,,,,,,,,,,,
571,,,,,,,,,,,,,,,,,
572,,,,,,,,,,,,,,,,,
573,,,,,,,,,,,,,,,,,
574,,,,,,,,,,,,,,,,,
575,,,,,,,,,,,,,,,,,
576,,,,,,,,,,,,,,,,,
577,,,,,,,,,,,,,,,,,
578,,,,,,,,,,,,,,,,,
579,,,,,,,,,,,,,,,,,
580,,,,,,,,,,,,,,,,,
581,,,,,,,,,,,,,,,,,
582,,,,,,,,,,,,,,,,,
583,,,,,,,,,,,,,,,,,
584,,,,,,,,,,,,,,,,,
585,,,,,,,,,,,,,,,,,
586,,,,,,,,,,,,,,,,,
587,,,,,,,,,,,,,,,,,
588,,,,,,,,,,,,,,,,,
589,,,,,,,,,,,,,,,,,
590,,,,,,,,,,,,,,,,,
591,,,,,,,,,,,,,,,,,
592,,,,,,,,,,,,,,,,,
593,,,,,,,,,,,,,,,,,
594,,,,,,,,,,,,,,,,,
595,,,,,,,,,,,,,,,,,
596,,,,,,,,,,,,,,,,,
597,,,,,,,,,,,,,,,,,
598,,,,,,,,,,,,,,,,,
599,,,,,,,,,,,,,,,,,
600,,,,,,,,,,,,,,,,,
601,,,,,,,,,,,,,,,,,
602,,,,,,,,,,,,,,,,,
603,,,,,,,,,,,,,,,,,
604,,,,,,,,,,,,,,,,,
605,,,,,,,,,,,,,,,,,
606,,,,,,,,,,,,,,,,,
607,,,,,,,,,,,,,,,,,
608,,,,,,,,,,,,,,,,,
609,,,,,,,,,,,,,,,,,
610,,,,,,,,,,,,,,,,,
611,,,,,,,,,,,,,,,,,
612,,,,,,,,,,,,,,,,,
613,,,,,,,,,,,,,,,,,
614,,,,,,,,,,,,,,,,,
615,,,,,,,,,,,,,,,,,
616,,,,,,,,,,,,,,,,,
617,,,,,,,,,,,,,,,,,
618,,,,,,,,,,,,,,,,,
619,,,,,,,,,,,,,,,,,
620,,,,,,,,,,,,,,,,,
621,,,,,,,,,,,,,,,,,
622,,,,,,,,,,,,,,,,,
623,,,,,,,,,,,,,,,,,
624,,,,,,,,,,,,,,,,,
625,,,,,,,,,,,,,,,,,
626,,,,,,,,,,,,,,,,,
627,,,,,,,,,,,,,,,,,
628,,,,,,,,,,,,,,,,,
629,,,,,,,,,,,,,,,,,
630,,,,,,,,,,,,,,,,,
631,,,,,,,,,,,,,,,,,
632,,,,,,,,,,,,,,,,,
633,,,,,,,,,,,,,,,,,
634,,,,,,,,,,,,,,,,,
635,,,,,,,,,,,,,,,,,
636,,,,,,,,,,,,,,,,,
637,,,,,,,,,,,,,,,,,
638,,,,,,,,,,,,,,,,,
639,,,,,,,,,,,,,,,,,
640,,,,,,,,,,,,,,,,,
641,,,,,,,,,,,,,,,,,
642,,,,,,,,,,,,,,,,,
643,,,,,,,,,,,,,,,,,
644,,,,,,,,,,,,,,,,,
645,,,,,,,,,,,,,,,,,
646,,,,,,,,,,,,,,,,,
647,,,,,,,,,,,,,,,,,
648,,,,,,,,,,,,,,,,,
649,,,,,,,,,,,,,,,,,
650,,,,,,,,,,,,,,,,,
651,,,,,,,,,,,,,,,,,
652,,,,,,,,,,,,,,,,,
653,,,,,,,,,,,,,,,,,
654,,,,,,,,,,,,,,,,,
655,,,,,,,,,,,,,,,,,
656,,,,,,,,,,,,,,,,,
657,,,,,,,,,,,,,,,,,
658,,,,,,,,,,,,,,,,,
659,,,,,,,,,,,,,,,,,
660,,,,,,,,,,,,,,,,,
661,,,,,,,,,,,,,,,,,
662,,,,,,,,,,,,,,,,,
663,,,,,,,,,,,,,,,,,
664,,,,,,,,,,,,,,,,,
665,,,,,,,,,,,,,,,,,
666,,,,,,,,,,,,,,,,,
667,,,,,,,,,,,,,,,,,
668,,,,,,,,,,,,,,,,,
669,,,,,,,,,,,,,,,,,
670,,,,,,,,,,,,,,,,,
671,,,,,,,,,,,,,,,,,
672,,,,,,,,,,,,,,,,,
673,,,,,,,,,,,,,,,,,
674,,,,,,,,,,,,,,,,,
675,,,,,,,,,,,,,,,,,
676,,,,,,,,,,,,,,,,,
