,y_true,y_proba_0,y_proba_1,y_proba_2,fpr_0,fpr_1,fpr_2,tpr_0,tpr_1,tpr_2,threshold_0,threshold_1,threshold_2,fpr_micro,tpr_micro,fpr_macro,tpr_macro
0,2,0.000174285512579397,0.28108851533977436,0.7187371991476453,0.0,0.0,0.0,0.0,0.0,0.0,2.0,1.996709190954701,1.9990193358942305,0.0,0.0,0.0,0.020833333333333332
1,2,0.002747338410684062,0.509139629127767,0.4881130324615507,0.0,0.00980392156862745,0.006578947368421052,0.0625,0.0,0.0,1.0,0.9967091909547009,0.9990193358942305,0.0,0.004201680672268907,0.006578947368421052,0.020833333333333332
2,2,0.0011644273648112099,0.20445234673945262,0.7943832258957375,0.018018018018018018,0.00980392156862745,0.046052631578947366,0.0625,0.007352941176470588,0.0,0.9995946692156056,0.9916444783003111,0.9906908472285256,0.01680672268907563,0.004201680672268907,0.00980392156862745,0.023284313725490197
3,2,5.484691163606557e-05,0.0688301989596369,0.9311149541287272,0.018018018018018018,0.0196078431372549,0.046052631578947366,0.125,0.007352941176470588,0.05813953488372093,0.9960955216583044,0.9893058519518293,0.9863937471405909,0.01680672268907563,0.008403361344537815,0.018018018018018018,0.04411764705882353
4,1,0.0004052838092652403,0.7695550469203373,0.23003966927039893,0.05405405405405406,0.0196078431372549,0.05263157894736842,0.125,0.022058823529411766,0.05813953488372093,0.7962983574209687,0.9812029372853659,0.9860119894832537,0.0273109243697479,0.008403361344537815,0.0196078431372549,0.049019607843137254
5,1,0.03732794037380071,0.9219775486846065,0.04069451094159334,0.05405405405405406,0.029411764705882353,0.05263157894736842,0.25,0.022058823529411766,0.10465116279069768,0.6711253918736543,0.9692289202265787,0.9819480049633887,0.0273109243697479,0.012605042016806723,0.029411764705882353,0.0588235294117647
6,1,0.18945329763617078,0.8090189220937719,0.0015277802700589796,0.06756756756756757,0.029411764705882353,0.05921052631578947,0.25,0.051470588235294115,0.10465116279069768,0.4612982450927282,0.9359468648266513,0.9818388940035931,0.029411764705882353,0.012605042016806723,0.0392156862745098,0.0661764705882353
7,1,0.018484362049121683,0.8295630586680405,0.15195257928283679,0.06756756756756757,0.0392156862745098,0.05921052631578947,0.3125,0.051470588235294115,0.11627906976744186,0.45370210914685644,0.9351648991747721,0.9795677141480132,0.029411764705882353,0.01680672268907563,0.046052631578947366,0.08555631554947561
8,1,0.01868406789218123,0.7612623907181777,0.22005354138964037,0.08558558558558559,0.0392156862745098,0.07236842105263158,0.3125,0.07352941176470588,0.11627906976744186,0.3270458809139259,0.9219775486846065,0.9789556304017473,0.031512605042016806,0.01680672268907563,0.049019607843137254,0.09045827633378933
9,1,0.014117548413124566,0.7800137760150078,0.20586867557186678,0.08558558558558559,0.049019607843137254,0.07236842105263158,0.375,0.07352941176470588,0.13953488372093023,0.31189795816551996,0.9180852875322664,0.9723472146085858,0.031512605042016806,0.037815126050420166,0.05263157894736842,0.1059621523027816
10,1,0.0018356356506731037,0.06097994829185337,0.9371844160574729,0.16216216216216217,0.049019607843137254,0.07894736842105263,0.375,0.08823529411764706,0.13953488372093023,0.10731465685437841,0.9129498630751213,0.9704621118863619,0.03571428571428571,0.037815126050420166,0.05405405405405406,0.14762881896944827
11,2,0.001682162204020862,0.07353733219751456,0.9247805055984657,0.16216216216216217,0.058823529411764705,0.07894736842105263,0.4375,0.08823529411764706,0.1744186046511628,0.10298422398923257,0.9122179565640786,0.9648081241802693,0.03571428571428571,0.0546218487394958,0.058823529411764705,0.15988372093023256
12,0,0.05022115667793812,0.9021511797778173,0.04762766354424272,0.17567567567567569,0.058823529411764705,0.08552631578947369,0.4375,0.125,0.1744186046511628,0.08955020322848724,0.9038172779525325,0.9641724062009722,0.037815126050420166,0.0546218487394958,0.05921052631578947,0.1637596899224806
13,2,0.022820419240724133,0.9692289202265787,0.007950660532697964,0.17567567567567569,0.0784313725490196,0.08552631578947369,0.5,0.125,0.18604651162790697,0.08656575355855857,0.9021511797778173,0.9625474401171138,0.037815126050420166,0.06302521008403361,0.06756756756756757,0.18459302325581395
14,2,0.0009248320922104343,0.4133429034390255,0.5857322644687639,0.19369369369369369,0.0784313725490196,0.09210526315789473,0.5,0.17647058823529413,0.18604651162790697,0.06151138227287181,0.892657213830627,0.9622290192965145,0.04201680672268908,0.06302521008403361,0.07236842105263158,0.1923449612403101
15,2,0.23143620724581268,0.6294185432823548,0.139145249471831,0.19369369369369369,0.08823529411764706,0.09210526315789473,0.5625,0.17647058823529413,0.19767441860465115,0.057720441276640944,0.8896182060226359,0.9604504178471863,0.04201680672268908,0.07142857142857142,0.0784313725490196,0.20950182398540815
16,2,8.687403283653752e-05,0.10710133562267073,0.8928117903444924,0.1981981981981982,0.08823529411764706,0.10526315789473684,0.5625,0.19117647058823528,0.19767441860465115,0.05047681677176771,0.8854834910963938,0.9589194882485267,0.046218487394957986,0.07142857142857142,0.07894736842105263,0.2211297309621523
17,1,0.08391752515290013,0.756717291311189,0.15936518353590934,0.1981981981981982,0.09803921568627451,0.10526315789473684,0.6875,0.19117647058823528,0.20930232558139536,0.0487253639335994,0.8834529232425747,0.9581058281309907,0.046218487394957986,0.07563025210084033,0.08552631578947369,0.22500569995440037
18,2,6.629418454905314e-05,0.027586491206864527,0.9723472146085858,0.3153153153153153,0.09803921568627451,0.1118421052631579,0.6875,0.27941176470588236,0.20930232558139536,0.013832761982475777,0.8236678778035234,0.9500597699062723,0.04831932773109244,0.07563025210084033,0.08558558558558559,0.2458390332877337
19,1,0.007484579648902859,0.6966400552833755,0.29587536506772044,0.3153153153153153,0.11764705882352941,0.1118421052631579,0.75,0.27941176470588236,0.22093023255813954,0.013459886966907465,0.8152010347766171,0.9466291742004476,0.04831932773109244,0.08403361344537816,0.08823529411764706,0.2507409940720474
20,2,4.275257676344512e-05,0.01165742851982499,0.9882998189034102,0.3333333333333333,0.11764705882352941,0.11842105263157894,0.75,0.2867647058823529,0.22093023255813954,0.011783285674341695,0.8090189220937719,0.9434807621281056,0.05042016806722689,0.08403361344537816,0.09210526315789473,0.2546169630642955
21,1,7.070638429465431e-05,0.09435508705302037,0.905574206562685,0.3333333333333333,0.12745098039215685,0.11842105263157894,0.8125,0.2867647058823529,0.23255813953488372,0.01168308054163394,0.807482968077852,0.9434044325152227,0.05042016806722689,0.08823529411764706,0.09803921568627451,0.28402872777017785
22,1,0.0005361242274215845,0.41762273617241374,0.5818411396001644,0.3738738738738739,0.12745098039215685,0.125,0.8125,0.33088235294117646,0.23255813953488372,0.007014122941265423,0.7695550469203373,0.9421260286489506,0.052521008403361345,0.08823529411764706,0.10526315789473684,0.2879046967624259
23,1,0.9857811883123537,6.484033099675533e-14,0.014218811687586843,0.3738738738738739,0.13725490196078433,0.125,0.875,0.33088235294117646,0.26744186046511625,0.006929841927686593,0.7663109288653857,0.9373908257838566,0.052521008403361345,0.09243697478991597,0.1118421052631579,0.291780665754674
24,2,6.081359304239101e-05,0.07529895008178122,0.9246402363251769,0.4954954954954955,0.13725490196078433,0.14473684210526316,0.875,0.35294117647058826,0.26744186046511625,0.0024199229432196523,0.7539488667928863,0.9333141796929458,0.05672268907563025,0.09243697478991597,0.11764705882352941,0.29423164614683084
25,1,0.9999989712978168,1.0287021820810251e-06,1.3162986827936764e-71,0.4954954954954955,0.14705882352941177,0.14473684210526316,0.9375,0.35294117647058826,0.29069767441860467,0.002399691985862004,0.7501130668890561,0.9311149541287272,0.05672268907563025,0.10504201680672269,0.11842105263157894,0.29810761513907885
26,1,0.014560978220532211,0.9359468648266513,0.049492156952815926,0.9234234234234234,0.14705882352941177,0.16447368421052633,0.9375,0.3897058823529412,0.29069767441860467,6.465433215953094e-05,0.7191221433914411,0.9273239876704901,0.058823529411764705,0.10504201680672269,0.125,0.30973552211582306
27,1,0.000281044841503806,0.5743344702885131,0.42538448486998154,0.9234234234234234,0.1568627450980392,0.16447368421052633,1.0,0.3897058823529412,0.32558139534883723,6.294177137660507e-05,0.7186405442353458,0.9246402363251769,0.058823529411764705,0.1134453781512605,0.12745098039215685,0.32444140446876424
28,1,0.0001676860458187561,0.12918757687372903,0.8706447370804521,1.0,0.1568627450980392,0.17105263157894737,1.0,0.39705882352941174,0.32558139534883723,6.3657989296823705e-06,0.6995440734514714,0.9242575121520165,0.06092436974789916,0.1134453781512605,0.13725490196078433,0.33179434564523486
29,1,0.08375718924128796,0.7209994442388281,0.1952433665198831,,0.16666666666666666,0.17105263157894737,,0.39705882352941174,0.36046511627906974,,0.699018636401529,0.9079811911173793,0.06092436974789916,0.11764705882352941,0.14473684210526316,0.339546283629731
30,1,0.0012770328526999282,0.2395327665177841,0.7591902006295147,,0.16666666666666666,0.18421052631578946,,0.4338235294117647,0.36046511627906974,,0.6594984200252191,0.9029313572933528,0.06512605042016807,0.11764705882352941,0.14705882352941177,0.35180118559051526
31,2,0.0012979449312127739,0.7186405442353458,0.2800615108334411,,0.17647058823529413,0.18421052631578946,,0.4338235294117647,0.37209302325581395,,0.6553604308990055,0.8928117903444924,0.06512605042016807,0.12605042016806722,0.1568627450980392,0.3542521659826721
32,1,0.007014122941265423,0.43339599704302917,0.5595898800157059,,0.17647058823529413,0.19078947368421054,,0.4411764705882353,0.37209302325581395,,0.6551548729367639,0.8894759450714582,0.06722689075630252,0.12605042016806722,0.16216216216216217,0.3750854993160055
33,1,0.008287859237321943,0.9129498630751213,0.07876227768755571,,0.18627450980392157,0.19078947368421054,,0.4411764705882353,0.38372093023255816,,0.6499981263549297,0.8856125560281886,0.06722689075630252,0.13025210084033614,0.16447368421052633,0.3867134062927497
34,2,5.920613838181007e-05,0.05653636134639552,0.9434044325152227,,0.18627450980392157,0.19736842105263158,,0.45588235294117646,0.38372093023255816,,0.6382677647536908,0.8833478061093424,0.07142857142857142,0.13025210084033614,0.16666666666666666,0.39896830825353397
35,1,0.042131962210838786,0.9100532254956658,0.04781481229349448,,0.20588235294117646,0.19736842105263158,,0.45588235294117646,0.4186046511627907,,0.6294185432823548,0.8771877682983891,0.07142857142857142,0.13445378151260504,0.17105263157894737,0.41059621523027817
36,2,0.00022323811359801474,0.23019448973347223,0.7695822721529315,,0.20588235294117646,0.21052631578947367,,0.47794117647058826,0.4186046511627907,,0.5914815169508052,0.8706447370804521,0.07563025210084033,0.13445378151260504,0.17567567567567569,0.4314295485636115
37,1,0.012203223346653067,0.7446359443618811,0.24316083229146535,,0.21568627450980393,0.21052631578947367,,0.47794117647058826,0.47674418604651164,,0.5901833959575471,0.8393910115596712,0.07563025210084033,0.14285714285714285,0.17647058823529413,0.43388052895576834
38,1,0.003011363970466809,0.7953697898970216,0.20161884613251066,,0.21568627450980393,0.2236842105263158,,0.49264705882352944,0.47674418604651164,,0.5569858546555263,0.8346545724503556,0.07773109243697479,0.14285714285714285,0.18421052631578946,0.4377564979480164
39,2,0.0001908598840454506,0.1226213718175651,0.8771877682983891,,0.22549019607843138,0.2236842105263158,,0.49264705882352944,0.5232558139534884,,0.5564626858766645,0.8150290172552838,0.07773109243697479,0.14705882352941177,0.18627450980392157,0.4426584587323301
40,1,0.00039567634443933277,0.11012837858410279,0.8894759450714582,,0.22549019607843138,0.23026315789473684,,0.5073529411764706,0.5232558139534884,,0.5285938296612521,0.808052062072985,0.0819327731092437,0.14705882352941177,0.19078947368421054,0.4465344277245782
41,0,0.0487253639335994,0.9030442067044057,0.04823042936199423,,0.23529411764705882,0.23026315789473684,,0.5073529411764706,0.5348837209302325,,0.5233933868986559,0.8039972996323699,0.0819327731092437,0.15966386554621848,0.19369369369369369,0.4673677610579115
42,2,0.0003571529489260803,0.31977594785759933,0.6798668991934751,,0.23529411764705882,0.23684210526315788,,0.5294117647058824,0.5348837209302325,,0.5092069671070839,0.7957420059805133,0.08403361344537816,0.15966386554621848,0.19736842105263158,0.4789956680346557
43,2,0.026522001222571742,0.3474787801654325,0.6259992186119948,,0.24509803921568626,0.23684210526315788,,0.5294117647058824,0.5465116279069767,,0.509139629127767,0.7943832258957375,0.08403361344537816,0.1722689075630252,0.1981981981981982,0.5206623347013224
44,1,0.4423254159669804,0.5569858546555263,0.0006887293774928821,,0.24509803921568626,0.25,,0.5367647058823529,0.5465116279069767,,0.507505743878447,0.7862069458299724,0.0861344537815126,0.1722689075630252,0.20588235294117646,0.5280152758777931
45,1,0.0024199229432196523,0.8724042306210068,0.12517584643577304,,0.2647058823529412,0.25,,0.5367647058823529,0.5697674418604651,,0.48526988866050724,0.7695822721529315,0.0861344537815126,0.18487394957983194,0.21052631578947367,0.5473951208390333
46,1,0.0011031157585760923,0.9004233242448492,0.098473559996575,,0.2647058823529412,0.3026315789473684,,0.5441176470588235,0.5697674418604651,,0.46252478076672365,0.7213822655362166,0.08823529411764706,0.18487394957983194,0.21568627450980393,0.552297081623347
47,2,0.0001746242157643155,0.013431628643645986,0.9863937471405909,,0.27450980392156865,0.3026315789473684,,0.5441176470588235,0.6395348837209303,,0.4390797516328812,0.6738003676340973,0.08823529411764706,0.20168067226890757,0.2236842105263158,0.5678009575923393
48,1,0.20424859619285896,0.7952266976145927,0.0005247061925486462,,0.27450980392156865,0.3355263157894737,,0.5514705882352942,0.6395348837209303,,0.43339599704302917,0.6462001759469168,0.09033613445378151,0.20168067226890757,0.22549019607843138,0.572702918376653
49,2,0.0003917664953820129,0.18457921624933507,0.8150290172552838,,0.28431372549019607,0.3355263157894737,,0.5514705882352942,0.6511627906976745,,0.429809739503237,0.6259992186119948,0.09033613445378151,0.21008403361344538,0.23026315789473684,0.5765788873689011
50,1,0.013292451434114796,0.5914815169508052,0.3952260316150792,,0.28431372549019607,0.34210526315789475,,0.5588235294117647,0.6511627906976745,,0.41762273617241374,0.6249243618401519,0.09663865546218488,0.21008403361344538,0.23529411764705882,0.5839318285453716
51,2,0.000319463848041348,0.034292996340084356,0.9653875398118742,,0.3235294117647059,0.34210526315789475,,0.5588235294117647,0.6744186046511628,,0.40143040141529773,0.5974092393103166,0.09663865546218488,0.24369747899159663,0.23684210526315788,0.5878077975376197
52,1,0.008064699112869654,0.34459147836387766,0.6473438225232514,,0.3235294117647059,0.34868421052631576,,0.5661764705882353,0.6744186046511628,,0.40110081446155,0.5964338707306467,0.10084033613445378,0.24369747899159663,0.24509803921568626,0.5902587779297765
53,1,0.01395364953668384,0.9812029372853659,0.004843413177950698,,0.3431372549019608,0.34868421052631576,,0.5661764705882353,0.6976744186046512,,0.3936848927822112,0.5857322644687639,0.10084033613445378,0.25630252100840334,0.25,0.5980107159142727
54,1,0.0006142822662939296,0.5285938296612521,0.4707918880724522,,0.3431372549019608,0.35526315789473684,,0.5882352941176471,0.6976744186046512,,0.3528322050107192,0.5818411396001644,0.10504201680672269,0.25630252100840334,0.2647058823529412,0.6004616963064295
55,1,0.021401343876717153,0.8758619856407269,0.10273667048255754,,0.35294117647058826,0.35526315789473684,,0.5882352941176471,0.7209302325581395,,0.3474787801654325,0.569404573277998,0.10504201680672269,0.27310924369747897,0.27450980392156865,0.6029126766985864
56,2,0.0002553061359883171,0.29263132520650553,0.7071133686575056,,0.35294117647058826,0.3618421052631579,,0.6029411764705882,0.7209302325581395,,0.3327088137248333,0.5595898800157059,0.10714285714285714,0.27310924369747897,0.28431372549019607,0.6053636570907432
57,2,0.0005852508461673138,0.6553604308990055,0.34405431825482635,,0.4117647058823529,0.3618421052631579,,0.6029411764705882,0.7441860465116279,,0.28108851533977436,0.5121360783365175,0.10714285714285714,0.2815126050420168,0.3026315789473684,0.6286194710442317
58,1,0.000162890629922753,0.3528322050107192,0.6470049043593584,,0.4117647058823529,0.375,,0.6176470588235294,0.7441860465116279,,0.2741283136100747,0.4899441039700657,0.1092436974789916,0.2815126050420168,0.3153153153153153,0.649452804377565
59,1,0.0017615774788340885,0.6866679135302661,0.31157050899089916,,0.43137254901960786,0.375,,0.6176470588235294,0.7558139534883721,,0.24592971590707682,0.4881130324615507,0.1092436974789916,0.3277310924369748,0.3235294117647059,0.6519037847697219
60,2,0.003828575114744889,0.3223710572511576,0.6738003676340973,,0.43137254901960786,0.40789473684210525,,0.6544117647058824,0.7558139534883721,,0.23290042195201524,0.4537235993227976,0.1134453781512605,0.3277310924369748,0.3333333333333333,0.6727371181030551
61,1,0.00867047700332887,0.9495400378343064,0.0417894851623641,,0.4411764705882353,0.40789473684210525,,0.6544117647058824,0.7674418604651163,,0.23019448973347223,0.4410459567386197,0.1134453781512605,0.3445378151260504,0.3355263157894737,0.6766130870953032
62,1,3.69113745316571e-05,0.029500976739106056,0.9704621118863619,,0.4411764705882353,0.4144736842105263,,0.6617647058823529,0.7674418604651163,,0.21363627008305786,0.42538448486998154,0.11554621848739496,0.3445378151260504,0.34210526315789475,0.6843650250797993
63,2,0.00022225858389336202,0.014950462689095702,0.9848272787270099,,0.45098039215686275,0.4144736842105263,,0.6617647058823529,0.7790697674418605,,0.21161795077358037,0.4023040152723978,0.11554621848739496,0.3487394957983193,0.3431372549019608,0.6917179662562699
64,2,4.196004227735432e-05,0.011217499510585661,0.9887405404471359,,0.45098039215686275,0.4342105263157895,,0.6691176470588235,0.7790697674418605,,0.21023838521888735,0.3690350341387339,0.11764705882352941,0.3487394957983193,0.34868421052631576,0.699469904240766
65,2,7.702078886815094e-05,0.11431042318294372,0.8856125560281886,,0.47058823529411764,0.4342105263157895,,0.6691176470588235,0.7906976744186046,,0.19555413786694661,0.36095629685024533,0.11764705882352941,0.35294117647058826,0.35294117647058826,0.7043718650250798
66,2,0.42832968632851504,6.547930260261383e-17,0.5716703136714869,,0.47058823529411764,0.4407894736842105,,0.6838235294117647,0.7906976744186046,,0.18558112378687933,0.3585534181870683,0.11974789915966387,0.35294117647058826,0.35526315789473684,0.7121238030095759
67,2,0.00018650834092717982,0.13744787384455953,0.8623656178145134,,0.49019607843137253,0.4407894736842105,,0.6838235294117647,0.8023255813953488,,0.18386594921404964,0.34405431825482635,0.11974789915966387,0.36134453781512604,0.3618421052631579,0.719875740994072
68,1,0.01524643503605874,0.0029146709603483844,0.9818388940035931,,0.49019607843137253,0.45394736842105265,,0.6911764705882353,0.8023255813953488,,0.18160813894398473,0.3343306578776216,0.12394957983193278,0.36134453781512604,0.3738738738738739,0.7407090743274054
69,1,0.0013962919789517261,0.24069669777322616,0.7579070102478217,,0.5098039215686274,0.45394736842105265,,0.6911764705882353,0.813953488372093,,0.16754484277451479,0.3270838041336905,0.12394957983193278,0.3697478991596639,0.375,0.7445850433196535
70,1,5.138056057606739e-05,0.05646785731131712,0.9434807621281056,,0.5098039215686274,0.4605263157894737,,0.7058823529411765,0.813953488372093,,0.1629012123954381,0.3269020725973456,0.12815126050420167,0.3697478991596639,0.40789473684210525,0.7484610123119015
71,1,0.00014044294166943756,0.0665453773653855,0.9333141796929458,,0.5686274509803921,0.4605263157894737,,0.7058823529411765,0.8255813953488372,,0.1357493192973585,0.32002381289566806,0.12815126050420167,0.38235294117647056,0.4117647058823529,0.7533629730962152
72,0,0.6711253918736543,0.1492208515047813,0.17965375662156519,,0.5686274509803921,0.46710526315789475,,0.7205882352941176,0.8255813953488372,,0.12393663290595743,0.31157050899089916,0.1323529411764706,0.38235294117647056,0.4144736842105263,0.7572389420884633
73,2,8.724478738751724e-05,0.11871772236906278,0.8811950328435499,,0.6078431372549019,0.46710526315789475,,0.7205882352941176,0.8372093023255814,,0.11431042318294372,0.2997818135240709,0.1323529411764706,0.40336134453781514,0.43137254901960786,0.7694938440492476
74,1,0.002095624734710382,0.06069160470400824,0.9372127705612799,,0.6078431372549019,0.47368421052631576,,0.7352941176470589,0.8372093023255814,,0.11012837858410279,0.29587536506772044,0.13655462184873948,0.40336134453781514,0.4342105263157895,0.7733698130414957
75,1,6.3657989296823705e-06,0.013981644717816336,0.9860119894832537,,0.6176470588235294,0.47368421052631576,,0.7352941176470589,0.8488372093023255,,0.10710133562267073,0.2800615108334411,0.13655462184873948,0.40756302521008403,0.4407894736842105,0.7772457820337437
76,0,0.9960955216583044,0.00387726229387074,2.7216047825459903e-05,,0.6176470588235294,0.4934210526315789,,0.7426470588235294,0.8488372093023255,,0.09435508705302037,0.24316083229146535,0.14285714285714285,0.40756302521008403,0.4411764705882353,0.7796967624259006
77,1,0.006170922097158609,0.6594984200252191,0.3343306578776216,,0.6372549019607843,0.4934210526315789,,0.7426470588235294,0.8604651162790697,,0.07735358974323243,0.2353216330513801,0.14285714285714285,0.4117647058823529,0.45098039215686275,0.7821477428180574
78,2,5.991783433208617e-05,0.02037236801765467,0.9795677141480132,,0.6372549019607843,0.5131578947368421,,0.75,0.8604651162790697,,0.0756986109987767,0.20586867557186678,0.14495798319327732,0.4117647058823529,0.45394736842105265,0.7860237118103055
79,2,0.00040481906236233616,0.8896182060226359,0.10997697491500172,,0.6666666666666666,0.5131578947368421,,0.75,0.872093023255814,,0.07318087960228901,0.20370164232541801,0.14495798319327732,0.41596638655462187,0.4605263157894737,0.7898996808025536
80,0,0.057720441276640944,0.7663109288653857,0.17596862985797496,,0.6666666666666666,0.5263157894736842,,0.7573529411764706,0.872093023255814,,0.07249674747156824,0.1952433665198831,0.14915966386554622,0.41596638655462187,0.46710526315789475,0.7937756497948016
81,1,0.04733454951689349,0.9057763451147062,0.04688910536840142,,0.6764705882352942,0.5263157894736842,,0.7573529411764706,0.8953488372093024,,0.0688301989596369,0.18142363569077793,0.14915966386554622,0.42436974789915966,0.47058823529411764,0.7986776105791153
82,1,0.11448251722079217,0.8020440418488919,0.08347344093031496,,0.6764705882352942,0.5592105263157895,,0.7647058823529411,0.8953488372093024,,0.06855440147713567,0.15195257928283679,0.15126050420168066,0.42436974789915966,0.47368421052631576,0.8025535795713634
83,2,0.0021165142194486584,0.14993976608632323,0.8479437196942275,,0.6862745098039216,0.5592105263157895,,0.7647058823529411,0.9069767441860465,,0.06744762100897443,0.139145249471831,0.15126050420168066,0.42857142857142855,0.49019607843137253,0.8050045599635203
84,1,0.00025389187586643435,0.0007267722299043129,0.9990193358942305,,0.6862745098039216,0.5855263157894737,,0.7794117647058824,0.9069767441860465,,0.0665453773653855,0.11293710329107033,0.15336134453781514,0.42857142857142855,0.4934210526315789,0.8088805289557683
85,1,0.014044972761858772,0.9134855498457253,0.07246947739241667,,0.696078431372549,0.5855263157894737,,0.7794117647058824,0.9302325581395349,,0.06235981268921978,0.10997697491500172,0.15336134453781514,0.4411764705882353,0.4954954954954955,0.8297138622891017
86,1,0.009052266151285274,0.8877928636457595,0.10315487020295472,,0.696078431372549,0.75,,0.7941176470588235,0.9302325581395349,,0.06069160470400824,0.04293009758957301,0.15546218487394958,0.4411764705882353,0.5098039215686274,0.8346158230734154
87,2,0.006529464261217221,0.8834529232425747,0.11001761249620964,,0.7156862745098039,0.75,,0.7941176470588235,0.9418604651162791,,0.05941063649187811,0.04241101911375852,0.15546218487394958,0.4579831932773109,0.5131578947368421,0.8384917920656635
88,1,0.14236109994817064,0.8574158613815296,0.0002230386702999082,,0.7156862745098039,0.7894736842105263,,0.8014705882352942,0.9418604651162791,,0.05779751139372276,0.03466270141626015,0.15756302521008403,0.4579831932773109,0.5263157894736842,0.8462437300501596
89,1,0.11376839021152065,0.8854834910963938,0.0007481186920839818,,0.7254901960784313,0.7894736842105263,,0.8014705882352942,0.9534883720930233,,0.05653636134639552,0.024896476461835716,0.15756302521008403,0.49159663865546216,0.5592105263157895,0.8501196990424077
90,1,0.0001503238028975355,0.03567726999613156,0.9641724062009722,,0.7254901960784313,0.8157894736842105,,0.8088235294117647,0.9534883720930233,,0.05646785731131712,0.008006507347004978,0.16176470588235295,0.49159663865546216,0.5686274509803921,0.8550216598267214
91,2,0.0001875196310321328,0.05941063649187811,0.9404018438770885,,0.7352941176470589,0.8157894736842105,,0.8088235294117647,0.9651162790697675,,0.05313321094560787,0.007950660532697964,0.16176470588235295,0.4957983193277311,0.5855263157894737,0.8627735978112175
92,1,0.02114611802280737,0.8659167786861237,0.11293710329107033,,0.7352941176470589,0.8552631578947368,,0.8161764705882353,0.9651162790697675,,0.05023696205761136,0.0037643061204849686,0.1638655462184874,0.4957983193277311,0.6078431372549019,0.8676755585955312
93,1,0.0014428263930480357,0.6551548729367639,0.3434023006701864,,0.7450980392156863,0.8552631578947368,,0.8161764705882353,0.9767441860465116,,0.049877288322351235,0.002957668087260288,0.1638655462184874,0.5,0.6176470588235294,0.8701265389876881
94,1,0.09080795409348656,0.7818418082476081,0.12735023765890505,,0.7450980392156863,0.9605263157894737,,0.8235294117647058,0.9767441860465116,,0.043653592298141385,0.00011014963482350918,0.1722689075630252,0.5,0.6372549019607843,0.872577519379845
95,1,0.0001567840869692283,0.21363627008305786,0.7862069458299724,,0.7549019607843137,0.9605263157894737,,0.8235294117647058,0.9883720930232558,,0.041514964165641,0.00010199515227204351,0.1722689075630252,0.5084033613445378,0.6666666666666666,0.8750284997720018
96,1,0.15171343078802113,0.5213844966146316,0.3269020725973456,,0.7549019607843137,0.9802631578947368,,0.8382352941176471,0.9883720930232558,,0.040711579856173206,8.101310244773733e-06,0.17647058823529413,0.5084033613445378,0.6764705882352942,0.8774794801641587
97,1,0.0013127005935788278,0.6162350263562534,0.38245227305016816,,0.7647058823529411,0.9802631578947368,,0.8382352941176471,1.0,,0.03946366666597299,1.9925741748352577e-70,0.17647058823529413,0.5168067226890757,0.6862745098039216,0.8823814409484724
98,1,0.3547840469259753,0.6452078517637785,8.101310244773733e-06,,0.7647058823529411,1.0,,0.8455882352941176,1.0,,0.03761966425884512,2.079334435179894e-74,0.17857142857142858,0.5168067226890757,0.696078431372549,0.8872834017327861
99,2,4.094048495137919e-05,0.03513212953808376,0.9648269299769643,,0.7745098039215687,,,0.8455882352941176,,,0.037344445149441484,,0.17857142857142858,0.5294117647058824,0.7156862745098039,0.889734382124943
100,2,0.0075125887700557645,0.5901833959575471,0.4023040152723978,,0.7745098039215687,,,0.8529411764705882,,,0.03567726999613156,,0.18067226890756302,0.5294117647058824,0.7254901960784313,0.8921853625170999
101,2,0.002214447158650893,0.0158375478779587,0.9819480049633887,,0.8137254901960784,,,0.8529411764705882,,,0.03015207126052227,,0.18067226890756302,0.5378151260504201,0.7352941176470589,0.8946363429092568
102,1,0.0270566500034249,0.8985590941307514,0.07438425586582278,,0.8137254901960784,,,0.8602941176470589,,,0.029500976739106056,,0.18487394957983194,0.5378151260504201,0.7450980392156863,0.8970873233014136
103,1,0.010938949917547382,0.19331904410193923,0.7957420059805133,,0.8431372549019608,,,0.8602941176470589,,,0.02536483769074365,,0.18487394957983194,0.542016806722689,0.75,0.9009632922936617
104,1,0.9956139076226573,4.076978571723428e-19,0.004386092377347508,,0.8431372549019608,,,0.8676470588235294,,,0.020435869293337693,,0.1869747899159664,0.542016806722689,0.7549019607843137,0.9058652530779754
105,1,0.9384596427275192,1.7408658093315932e-05,0.0615229486143878,,0.8921568627450981,,,0.8676470588235294,,,0.014950462689095702,,0.1869747899159664,0.5546218487394958,0.7647058823529411,0.9083162334701322
106,2,0.5878041515630992,0.40923818034964066,0.002957668087260288,,0.8921568627450981,,,0.875,,,0.013981644717816336,,0.18907563025210083,0.5546218487394958,0.7745098039215687,0.9107672138622891
107,0,1.0,3.1697878846973156e-18,2.079334435179894e-74,,0.9117647058823529,,,0.875,,,0.012359639865104138,,0.18907563025210083,0.5588235294117647,0.7894736842105263,0.9146431828545372
108,1,0.004112274818288288,0.6268526910429795,0.3690350341387339,,0.9117647058823529,,,0.8823529411764706,,,0.01191116921769022,,0.19117647058823528,0.5588235294117647,0.8137254901960784,0.917094163246694
109,2,0.00022762569423318975,0.12054480397023015,0.8792275703355366,,0.9411764705882353,,,0.8823529411764706,,,0.010154115893268244,,0.19117647058823528,0.5630252100840336,0.8157894736842105,0.9209701322389421
110,2,0.9999992285678543,7.714321464828677e-07,1.9925741748352577e-70,,0.9411764705882353,,,0.9117647058823529,,,0.00417944446796313,,0.19327731092436976,0.5630252100840336,0.8431372549019608,0.9234211126310989
111,1,0.22823437266972832,0.7328446577531759,0.038920969577096835,,0.9509803921568627,,,0.9117647058823529,,,0.00387726229387074,,0.19327731092436976,0.5672268907563025,0.8552631578947368,0.927297081623347
112,1,0.00015131644464180243,0.03761966425884512,0.9622290192965145,,0.9509803921568627,,,0.9191176470588235,,,0.0029146709603483844,,0.1953781512605042,0.5672268907563025,0.8921568627450981,0.9297480620155039
113,2,0.0011603592743863016,0.40143040141529773,0.5974092393103166,,0.9607843137254902,,,0.9191176470588235,,,0.002468605654133239,,0.1953781512605042,0.5882352941176471,0.9117647058823529,0.9321990424076607
114,1,0.002549678504007342,0.21023838521888735,0.787211936277106,,0.9607843137254902,,,0.9705882352941176,,,1.0287021820810251e-06,,0.19747899159663865,0.5882352941176471,0.9234234234234234,0.9530323757409941
115,1,0.005332937110088474,0.9302637115906313,0.06440335129928065,,0.9705882352941176,,,0.9705882352941176,,,7.714321464828677e-07,,0.19747899159663865,0.592436974789916,0.9411764705882353,0.9628362973096215
116,2,0.0006187235688892134,0.807482968077852,0.19189830835325913,,0.9705882352941176,,,0.9852941176470589,,,7.010366354246549e-09,,0.20168067226890757,0.592436974789916,0.9509803921568627,0.9652872777017784
117,1,0.00021475025836608012,0.040865761493105786,0.9589194882485267,,0.9803921568627451,,,0.9852941176470589,,,2.536124141608544e-10,,0.20168067226890757,0.5966386554621849,0.9605263157894737,0.9691632466940264
118,1,0.09431261540597481,0.9038172779525325,0.0018701066414939737,,0.9803921568627451,,,0.9926470588235294,,,6.484033099675533e-14,,0.21428571428571427,0.5966386554621849,0.9607843137254902,0.9863201094391245
119,2,0.0007712140514936615,0.40686112413122816,0.5923676618172778,,1.0,,,0.9926470588235294,,,3.1697878846973156e-18,,0.21428571428571427,0.6008403361344538,0.9705882352941176,0.9912220702234382
120,2,0.0018440340238773199,0.48601988763960446,0.5121360783365175,,1.0,,,1.0,,,4.076978571723428e-19,,0.2184873949579832,0.6008403361344538,0.9802631578947368,0.9950980392156863
121,2,0.0025366533376750965,0.48526988866050724,0.5121934580018165,,,,,,,,,,0.2184873949579832,0.6050420168067226,0.9803921568627451,0.9975490196078431
122,1,0.0050080281488885355,0.7218622119734829,0.2731297598776275,,,,,,,,,,0.22058823529411764,0.6050420168067226,1.0,1.0
123,1,0.06675012778621711,0.8561943204644665,0.07705555174931798,,,,,,,,,,0.22058823529411764,0.6092436974789915,,
124,2,8.591548683929264e-05,0.03946366666597299,0.9604504178471863,,,,,,,,,,0.22268907563025211,0.6092436974789915,,
125,1,0.816020276710091,0.18160813894398473,0.0023715843459238364,,,,,,,,,,0.22268907563025211,0.6134453781512605,,
126,2,0.00024936152692214483,0.06235981268921978,0.9373908257838566,,,,,,,,,,0.22899159663865545,0.6134453781512605,,
127,0,0.002399691985862004,0.24592971590707682,0.7516705921070623,,,,,,,,,,0.22899159663865545,0.6176470588235294,,
128,1,0.004070945670844464,0.06704223899843142,0.9288868153307224,,,,,,,,,,0.23529411764705882,0.6176470588235294,,
129,2,0.08955020322848724,0.002468605654133239,0.9079811911173793,,,,,,,,,,0.23529411764705882,0.6218487394957983,,
130,2,0.00318881389302651,0.9967091909547009,0.00010199515227204351,,,,,,,,,,0.23739495798319327,0.6218487394957983,,
131,1,0.0026970077929720834,0.5202560997467608,0.4770468924602654,,,,,,,,,,0.23739495798319327,0.6260504201680672,,
132,1,0.0004648195670287845,0.23452414789071596,0.7650110325422554,,,,,,,,,,0.24579831932773108,0.6260504201680672,,
133,1,0.9432928394885594,0.05023696205761136,0.006470198453830012,,,,,,,,,,0.24579831932773108,0.6302521008403361,,
134,1,3.2800582611554864e-05,0.0012244122082604874,0.998742787209128,,,,,,,,,,0.24789915966386555,0.6302521008403361,,
135,1,0.012907100614451298,0.507505743878447,0.47958715550710346,,,,,,,,,,0.24789915966386555,0.634453781512605,,
136,1,0.9999972999388796,2.700061120300907e-06,1.895246678111954e-70,,,,,,,,,,0.25210084033613445,0.634453781512605,,
137,2,0.0011995500744007687,0.699018636401529,0.2997818135240709,,,,,,,,,,0.25210084033613445,0.6428571428571429,,
138,2,4.5080431161733265e-05,0.060291189491388224,0.9396637300774509,,,,,,,,,,0.2542016806722689,0.6428571428571429,,
139,0,6.294177137660507e-05,0.049877288322351235,0.9500597699062723,,,,,,,,,,0.2542016806722689,0.6512605042016807,,
140,1,0.06151138227287181,0.9003945686489071,0.038094049078221795,,,,,,,,,,0.25840336134453784,0.6512605042016807,,
141,1,0.036606935407844536,0.8597395896556452,0.10365347493651006,,,,,,,,,,0.25840336134453784,0.6596638655462185,,
142,2,3.4973295650689476e-05,0.02536483769074365,0.9746001890136059,,,,,,,,,,0.2647058823529412,0.6596638655462185,,
143,1,0.0026423194904159094,0.7539488667928863,0.24340881371669626,,,,,,,,,,0.2647058823529412,0.6638655462184874,,
144,1,0.032896493673327885,0.9226873153514353,0.04441619097523662,,,,,,,,,,0.2689075630252101,0.6638655462184874,,
145,1,0.024571895235077267,0.07249674747156824,0.9029313572933528,,,,,,,,,,0.2689075630252101,0.6680672268907563,,
146,2,0.014565300059562348,0.7501130668890561,0.2353216330513801,,,,,,,,,,0.27310924369747897,0.6680672268907563,,
147,1,0.006366814140135837,0.18558112378687933,0.808052062072985,,,,,,,,,,0.27310924369747897,0.6722689075630253,,
148,2,0.021464091963821805,0.2663250742502167,0.7122108337859617,,,,,,,,,,0.28361344537815125,0.6722689075630253,,
149,1,0.29750773053721563,0.6995440734514714,0.0029481960113133996,,,,,,,,,,0.28361344537815125,0.6764705882352942,,
150,1,3.5654244719809034e-05,0.002402607085092708,0.9975617386701859,,,,,,,,,,0.2857142857142857,0.6764705882352942,,
151,1,0.00018783959130352473,0.2400978322542364,0.7597143281544596,,,,,,,,,,0.2857142857142857,0.6848739495798319,,
152,0,0.45370210914685644,0.4390797516328812,0.10721813922026338,,,,,,,,,,0.296218487394958,0.6848739495798319,,
153,2,0.00023761485394397923,0.05313321094560787,0.9466291742004476,,,,,,,,,,0.296218487394958,0.7100840336134454,,
154,1,0.27985622838888913,0.7191221433914411,0.0010216282196698716,,,,,,,,,,0.3067226890756303,0.7100840336134454,,
155,2,0.7962983574209687,2.536124141608544e-10,0.20370164232541801,,,,,,,,,,0.3067226890756303,0.7142857142857143,,
156,0,0.6861679672858237,0.31365618698206815,0.00017584573210711811,,,,,,,,,,0.3088235294117647,0.7142857142857143,,
157,1,0.009133200380562636,0.01191116921769022,0.9789556304017473,,,,,,,,,,0.3088235294117647,0.7184873949579832,,
158,1,0.0008489289228498868,0.5092069671070839,0.4899441039700657,,,,,,,,,,0.31512605042016806,0.7184873949579832,,
159,1,7.645995732644335e-05,0.05779751139372276,0.9421260286489506,,,,,,,,,,0.31512605042016806,0.7226890756302521,,
160,1,0.3087299742576506,0.6834353650117554,0.007834660730593569,,,,,,,,,,0.3235294117647059,0.7226890756302521,,
161,2,8.167709712843711e-05,0.010154115893268244,0.9897642070096035,,,,,,,,,,0.3235294117647059,0.7310924369747899,,
162,0,0.006929841927686593,0.9893058519518293,0.0037643061204849686,,,,,,,,,,0.32563025210084034,0.7310924369747899,,
163,0,0.01168308054163394,0.9180852875322664,0.07023163192610117,,,,,,,,,,0.32563025210084034,0.7352941176470589,,
164,2,0.0012588011319865412,0.1357493192973585,0.8629918795706554,,,,,,,,,,0.32983193277310924,0.7352941176470589,,
165,1,0.018276357238961784,0.9015076673914831,0.0802159753695545,,,,,,,,,,0.32983193277310924,0.7436974789915967,,
166,1,0.0010821588020763862,0.37399347935776994,0.6249243618401519,,,,,,,,,,0.3403361344537815,0.7436974789915967,,
167,2,0.0004485625006848047,0.19555413786694661,0.8039972996323699,,,,,,,,,,0.3403361344537815,0.7478991596638656,,
168,1,0.003528520046250318,0.8308437406805471,0.16562773927320404,,,,,,,,,,0.34243697478991597,0.7478991596638656,,
169,1,0.16429915650362223,0.8236678778035234,0.012032965692855115,,,,,,,,,,0.34243697478991597,0.7521008403361344,,
170,1,4.3876849206176995e-05,0.0756986109987767,0.9242575121520165,,,,,,,,,,0.36134453781512604,0.7521008403361344,,
171,1,7.6815900960806e-05,0.020435869293337693,0.9794873148057002,,,,,,,,,,0.36134453781512604,0.7563025210084033,,
172,2,0.014936750568130696,0.16754484277451479,0.8175184066573536,,,,,,,,,,0.36764705882352944,0.7563025210084033,,
173,2,0.0003792077033675188,0.041514964165641,0.9581058281309907,,,,,,,,,,0.36764705882352944,0.7605042016806722,,
174,2,3.49061455862524e-05,0.01572077215133743,0.984244321703078,,,,,,,,,,0.3760504201680672,0.7605042016806722,,
175,0,0.08656575355855857,0.9122179565640786,0.0012162898773619112,,,,,,,,,,0.3760504201680672,0.7647058823529411,,
176,1,0.000632109359765974,0.16471331818987678,0.8346545724503556,,,,,,,,,,0.38865546218487396,0.7647058823529411,,
177,2,0.00024820244563823036,0.15623736216355882,0.8435144353908033,,,,,,,,,,0.38865546218487396,0.7689075630252101,,
178,2,0.0005450468942399385,0.07735358974323243,0.922101363362526,,,,,,,,,,0.3907563025210084,0.7689075630252101,,
179,1,0.0007538922280276388,0.8945240483449874,0.10472205942698436,,,,,,,,,,0.3907563025210084,0.7815126050420168,,
180,1,0.9995946692156056,0.00029518114957263677,0.00011014963482350918,,,,,,,,,,0.40336134453781514,0.7815126050420168,,
181,2,0.00019228108810555924,0.18386594921404964,0.8159417696978444,,,,,,,,,,0.40336134453781514,0.7857142857142857,,
182,1,0.0005378930145434679,0.35326193103853815,0.6462001759469168,,,,,,,,,,0.40756302521008403,0.7857142857142857,,
183,1,0.00010194868232381042,0.0054050382826213005,0.9944930130350549,,,,,,,,,,0.40756302521008403,0.7899159663865546,,
184,1,0.013832761982475777,0.8936108525638559,0.09255638545366943,,,,,,,,,,0.42016806722689076,0.7899159663865546,,
185,1,0.003024648846382497,0.11362754504427608,0.8833478061093424,,,,,,,,,,0.42016806722689076,0.7941176470588235,,
186,1,0.0007629870302009556,0.5455134136470012,0.4537235993227976,,,,,,,,,,0.43487394957983194,0.7941176470588235,,
187,2,6.465433215953094e-05,0.017420626504134222,0.9825147191637064,,,,,,,,,,0.43487394957983194,0.7983193277310925,,
188,1,0.9919934856426265,7.010366354246549e-09,0.008006507347004978,,,,,,,,,,0.4432773109243697,0.7983193277310925,,
189,1,0.05047681677176771,0.9065930856386598,0.04293009758957301,,,,,,,,,,0.4432773109243697,0.8025210084033614,,
190,0,0.013459886966907465,0.5233933868986559,0.463146726134435,,,,,,,,,,0.4495798319327731,0.8025210084033614,,
191,2,8.751253279974149e-05,0.012359639865104138,0.987552847602097,,,,,,,,,,0.4495798319327731,0.8067226890756303,,
192,1,0.011783285674341695,0.23290042195201524,0.7553162923736438,,,,,,,,,,0.45168067226890757,0.8067226890756303,,
193,1,0.9653372777256821,2.0858058395633683e-08,0.03466270141626015,,,,,,,,,,0.45168067226890757,0.8109243697478992,,
194,1,0.029022420031369088,0.043653592298141385,0.9273239876704901,,,,,,,,,,0.453781512605042,0.8109243697478992,,
195,1,0.0011890507583618576,0.12393663290595743,0.8748743163356801,,,,,,,,,,0.453781512605042,0.8151260504201681,,
196,1,0.000689307727021733,0.06855440147713567,0.9307562907958427,,,,,,,,,,0.46218487394957986,0.8151260504201681,,
197,2,0.0003749591443145791,0.16023402929601438,0.8393910115596712,,,,,,,,,,0.46218487394957986,0.8235294117647058,,
198,1,0.0035817296851096306,0.9862572963553838,0.010160973959505427,,,,,,,,,,0.46638655462184875,0.8235294117647058,,
199,2,0.13668174214451353,0.8209072387417279,0.04241101911375852,,,,,,,,,,0.46638655462184875,0.8319327731092437,,
200,2,0.4612982450927282,0.21161795077358037,0.3270838041336905,,,,,,,,,,0.4684873949579832,0.8319327731092437,,
201,1,0.12553386765845814,0.8735629780847537,0.0009031542567876062,,,,,,,,,,0.4684873949579832,0.8361344537815126,,
202,2,0.03993862436339255,0.9351648991747721,0.024896476461835716,,,,,,,,,,0.4726890756302521,0.8361344537815126,,
203,1,0.0005779579979593892,0.2780397764658223,0.7213822655362166,,,,,,,,,,0.4726890756302521,0.8445378151260504,,
204,1,0.002465314807801997,0.40110081446155,0.5964338707306467,,,,,,,,,,0.47689075630252103,0.8445378151260504,,
205,1,0.00030464907113997606,0.00417944446796313,0.9955159064608976,,,,,,,,,,0.47689075630252103,0.8487394957983193,,
206,0,0.10298422398923257,0.3936848927822112,0.5033308832285569,,,,,,,,,,0.49159663865546216,0.8487394957983193,,
207,2,0.02997806074940228,0.6499981263549297,0.32002381289566806,,,,,,,,,,0.49159663865546216,0.8529411764705882,,
208,2,0.00020885719890920604,0.03498301862081995,0.9648081241802693,,,,,,,,,,0.49369747899159666,0.8529411764705882,,
209,1,0.005800069184031825,0.8695285993043869,0.12467133151158034,,,,,,,,,,0.49369747899159666,0.8571428571428571,,
210,2,0.00010811473344445242,0.037344445149441484,0.9625474401171138,,,,,,,,,,0.5,0.8571428571428571,,
211,1,0.00258245534751966,0.9569692343136241,0.04044831033885771,,,,,,,,,,0.5,0.865546218487395,,
212,1,0.15014751214191197,0.8491822257156725,0.0006702621424148759,,,,,,,,,,0.5126050420168067,0.865546218487395,,
213,0,0.31189795816551996,0.026814612204955988,0.6612874296295271,,,,,,,,,,0.5126050420168067,0.8697478991596639,,
214,1,0.3270458809139259,0.6727744640486202,0.00017965503745446534,,,,,,,,,,0.5189075630252101,0.8697478991596639,,
215,1,0.0031788170592417777,0.6382677647536908,0.3585534181870683,,,,,,,,,,0.5189075630252101,0.8739495798319328,,
216,1,0.00017474980258553086,0.3327088137248333,0.6671164364725803,,,,,,,,,,0.5336134453781513,0.8739495798319328,,
217,1,0.0009406907878108608,0.9509458239569443,0.048113485255243456,,,,,,,,,,0.5336134453781513,0.8781512605042017,,
218,2,0.0006426901838355961,0.06744762100897443,0.9319096888071892,,,,,,,,,,0.5462184873949579,0.8781512605042017,,
219,1,0.0057777550930803445,0.9040362400517762,0.09018600485514329,,,,,,,,,,0.5462184873949579,0.8823529411764706,,
220,1,0.0010417501797864122,0.008267402591689087,0.9906908472285256,,,,,,,,,,0.5567226890756303,0.8823529411764706,,
221,2,0.0004176185169830638,0.16823447477613107,0.8313479067068856,,,,,,,,,,0.5567226890756303,0.8865546218487395,,
222,1,0.0004043584358346094,0.1629012123954381,0.8366944291687265,,,,,,,,,,0.5882352941176471,0.8865546218487395,,
223,2,0.0014280517560243634,0.2994044275087977,0.6991675207351797,,,,,,,,,,0.5882352941176471,0.8907563025210085,,
224,2,0.0007856872187649607,0.429809739503237,0.569404573277998,,,,,,,,,,0.592436974789916,0.8907563025210085,,
225,1,0.5370670701357042,0.46252478076672365,0.00040814909757052546,,,,,,,,,,0.592436974789916,0.8949579831932774,,
226,2,9.10830530222106e-05,0.086852851717201,0.9130560652297786,,,,,,,,,,0.6050420168067226,0.8949579831932774,,
227,2,0.0010189795188824393,0.6380247236308717,0.36095629685024533,,,,,,,,,,0.6050420168067226,0.8991596638655462,,
228,2,0.00011441088680073657,0.07318087960228901,0.9267047095109113,,,,,,,,,,0.6071428571428571,0.8991596638655462,,
229,1,0.10731465685437841,0.892657213830627,2.8129314995417e-05,,,,,,,,,,0.6071428571428571,0.9033613445378151,,
230,1,7.534071384498262e-06,0.004659290388750429,0.9953331755398641,,,,,,,,,,0.6260504201680672,0.9033613445378151,,
231,2,0.0006912308278861966,0.3970265124255083,0.6022822567466051,,,,,,,,,,0.6260504201680672,0.907563025210084,,
232,2,0.1978005918599146,0.03015207126052227,0.7720473368795622,,,,,,,,,,0.6302521008403361,0.907563025210084,,
233,1,0.0006917828667871106,0.2741283136100747,0.7251799035231397,,,,,,,,,,0.6302521008403361,0.9117647058823529,,
234,2,0.00337532953260649,0.8152010347766171,0.18142363569077793,,,,,,,,,,0.6386554621848739,0.9117647058823529,,
235,2,0.002491357384716235,0.5564626858766645,0.4410459567386197,,,,,,,,,,0.6386554621848739,0.9159663865546218,,
236,1,0.00453994606379494,0.9916444783003111,0.003815575635893331,,,,,,,,,,0.6512605042016807,0.9159663865546218,,
237,1,0.0002592931022736557,0.040711579856173206,0.9590291270415524,,,,,,,,,,0.6512605042016807,0.9201680672268907,,
238,,,,,,,,,,,,,,0.657563025210084,0.9201680672268907,,
239,,,,,,,,,,,,,,0.657563025210084,0.9243697478991597,,
240,,,,,,,,,,,,,,0.6617647058823529,0.9243697478991597,,
241,,,,,,,,,,,,,,0.6617647058823529,0.9285714285714286,,
242,,,,,,,,,,,,,,0.6890756302521008,0.9285714285714286,,
243,,,,,,,,,,,,,,0.6890756302521008,0.9327731092436975,,
244,,,,,,,,,,,,,,0.6911764705882353,0.9327731092436975,,
245,,,,,,,,,,,,,,0.6911764705882353,0.9369747899159664,,
246,,,,,,,,,,,,,,0.7121848739495799,0.9369747899159664,,
247,,,,,,,,,,,,,,0.7121848739495799,0.9453781512605042,,
248,,,,,,,,,,,,,,0.7478991596638656,0.9453781512605042,,
249,,,,,,,,,,,,,,0.7478991596638656,0.9495798319327731,,
250,,,,,,,,,,,,,,0.7878151260504201,0.9495798319327731,,
251,,,,,,,,,,,,,,0.7878151260504201,0.9537815126050421,,
252,,,,,,,,,,,,,,0.8487394957983193,0.9537815126050421,,
253,,,,,,,,,,,,,,0.8487394957983193,0.957983193277311,,
254,,,,,,,,,,,,,,0.9159663865546218,0.957983193277311,,
255,,,,,,,,,,,,,,0.9159663865546218,0.9621848739495799,,
256,,,,,,,,,,,,,,0.9432773109243697,0.9621848739495799,,
257,,,,,,,,,,,,,,0.9432773109243697,0.9663865546218487,,
258,,,,,,,,,,,,,,0.9789915966386554,0.9663865546218487,,
259,,,,,,,,,,,,,,0.9789915966386554,0.9705882352941176,,
260,,,,,,,,,,,,,,0.9852941176470589,0.9705882352941176,,
261,,,,,,,,,,,,,,0.9852941176470589,0.9789915966386554,,
262,,,,,,,,,,,,,,0.9873949579831933,0.9789915966386554,,
263,,,,,,,,,,,,,,0.9873949579831933,0.9873949579831933,,
264,,,,,,,,,,,,,,0.9894957983193278,0.9873949579831933,,
265,,,,,,,,,,,,,,0.9894957983193278,0.9915966386554622,,
266,,,,,,,,,,,,,,0.9936974789915967,0.9915966386554622,,
267,,,,,,,,,,,,,,0.9936974789915967,1.0,,
268,,,,,,,,,,,,,,1.0,1.0,,
269,,,,,,,,,,,,,,,,,
270,,,,,,,,,,,,,,,,,
271,,,,,,,,,,,,,,,,,
272,,,,,,,,,,,,,,,,,
273,,,,,,,,,,,,,,,,,
274,,,,,,,,,,,,,,,,,
275,,,,,,,,,,,,,,,,,
276,,,,,,,,,,,,,,,,,
277,,,,,,,,,,,,,,,,,
278,,,,,,,,,,,,,,,,,
279,,,,,,,,,,,,,,,,,
280,,,,,,,,,,,,,,,,,
281,,,,,,,,,,,,,,,,,
282,,,,,,,,,,,,,,,,,
283,,,,,,,,,,,,,,,,,
284,,,,,,,,,,,,,,,,,
285,,,,,,,,,,,,,,,,,
286,,,,,,,,,,,,,,,,,
287,,,,,,,,,,,,,,,,,
288,,,,,,,,,,,,,,,,,
289,,,,,,,,,,,,,,,,,
290,,,,,,,,,,,,,,,,,
291,,,,,,,,,,,,,,,,,
292,,,,,,,,,,,,,,,,,
293,,,,,,,,,,,,,,,,,
294,,,,,,,,,,,,,,,,,
295,,,,,,,,,,,,,,,,,
296,,,,,,,,,,,,,,,,,
297,,,,,,,,,,,,,,,,,
298,,,,,,,,,,,,,,,,,
299,,,,,,,,,,,,,,,,,
300,,,,,,,,,,,,,,,,,
301,,,,,,,,,,,,,,,,,
302,,,,,,,,,,,,,,,,,
303,,,,,,,,,,,,,,,,,
304,,,,,,,,,,,,,,,,,
305,,,,,,,,,,,,,,,,,
306,,,,,,,,,,,,,,,,,
307,,,,,,,,,,,,,,,,,
308,,,,,,,,,,,,,,,,,
309,,,,,,,,,,,,,,,,,
310,,,,,,,,,,,,,,,,,
311,,,,,,,,,,,,,,,,,
312,,,,,,,,,,,,,,,,,
313,,,,,,,,,,,,,,,,,
314,,,,,,,,,,,,,,,,,
315,,,,,,,,,,,,,,,,,
316,,,,,,,,,,,,,,,,,
317,,,,,,,,,,,,,,,,,
318,,,,,,,,,,,,,,,,,
319,,,,,,,,,,,,,,,,,
320,,,,,,,,,,,,,,,,,
321,,,,,,,,,,,,,,,,,
322,,,,,,,,,,,,,,,,,
323,,,,,,,,,,,,,,,,,
324,,,,,,,,,,,,,,,,,
325,,,,,,,,,,,,,,,,,
326,,,,,,,,,,,,,,,,,
327,,,,,,,,,,,,,,,,,
328,,,,,,,,,,,,,,,,,
329,,,,,,,,,,,,,,,,,
330,,,,,,,,,,,,,,,,,
331,,,,,,,,,,,,,,,,,
332,,,,,,,,,,,,,,,,,
333,,,,,,,,,,,,,,,,,
334,,,,,,,,,,,,,,,,,
335,,,,,,,,,,,,,,,,,
336,,,,,,,,,,,,,,,,,
337,,,,,,,,,,,,,,,,,
338,,,,,,,,,,,,,,,,,
339,,,,,,,,,,,,,,,,,
340,,,,,,,,,,,,,,,,,
341,,,,,,,,,,,,,,,,,
342,,,,,,,,,,,,,,,,,
343,,,,,,,,,,,,,,,,,
344,,,,,,,,,,,,,,,,,
345,,,,,,,,,,,,,,,,,
346,,,,,,,,,,,,,,,,,
347,,,,,,,,,,,,,,,,,
348,,,,,,,,,,,,,,,,,
349,,,,,,,,,,,,,,,,,
350,,,,,,,,,,,,,,,,,
351,,,,,,,,,,,,,,,,,
352,,,,,,,,,,,,,,,,,
353,,,,,,,,,,,,,,,,,
354,,,,,,,,,,,,,,,,,
355,,,,,,,,,,,,,,,,,
356,,,,,,,,,,,,,,,,,
357,,,,,,,,,,,,,,,,,
358,,,,,,,,,,,,,,,,,
359,,,,,,,,,,,,,,,,,
360,,,,,,,,,,,,,,,,,
361,,,,,,,,,,,,,,,,,
362,,,,,,,,,,,,,,,,,
363,,,,,,,,,,,,,,,,,
364,,,,,,,,,,,,,,,,,
365,,,,,,,,,,,,,,,,,
366,,,,,,,,,,,,,,,,,
367,,,,,,,,,,,,,,,,,
368,,,,,,,,,,,,,,,,,
369,,,,,,,,,,,,,,,,,
370,,,,,,,,,,,,,,,,,
371,,,,,,,,,,,,,,,,,
372,,,,,,,,,,,,,,,,,
373,,,,,,,,,,,,,,,,,
374,,,,,,,,,,,,,,,,,
375,,,,,,,,,,,,,,,,,
376,,,,,,,,,,,,,,,,,
377,,,,,,,,,,,,,,,,,
378,,,,,,,,,,,,,,,,,
379,,,,,,,,,,,,,,,,,
380,,,,,,,,,,,,,,,,,
381,,,,,,,,,,,,,,,,,
382,,,,,,,,,,,,,,,,,
383,,,,,,,,,,,,,,,,,
384,,,,,,,,,,,,,,,,,
385,,,,,,,,,,,,,,,,,
386,,,,,,,,,,,,,,,,,
387,,,,,,,,,,,,,,,,,
388,,,,,,,,,,,,,,,,,
389,,,,,,,,,,,,,,,,,
390,,,,,,,,,,,,,,,,,
391,,,,,,,,,,,,,,,,,
392,,,,,,,,,,,,,,,,,
393,,,,,,,,,,,,,,,,,
394,,,,,,,,,,,,,,,,,
395,,,,,,,,,,,,,,,,,
396,,,,,,,,,,,,,,,,,
397,,,,,,,,,,,,,,,,,
398,,,,,,,,,,,,,,,,,
399,,,,,,,,,,,,,,,,,
400,,,,,,,,,,,,,,,,,
401,,,,,,,,,,,,,,,,,
402,,,,,,,,,,,,,,,,,
403,,,,,,,,,,,,,,,,,
404,,,,,,,,,,,,,,,,,
405,,,,,,,,,,,,,,,,,
406,,,,,,,,,,,,,,,,,
407,,,,,,,,,,,,,,,,,
408,,,,,,,,,,,,,,,,,
409,,,,,,,,,,,,,,,,,
410,,,,,,,,,,,,,,,,,
411,,,,,,,,,,,,,,,,,
412,,,,,,,,,,,,,,,,,
413,,,,,,,,,,,,,,,,,
414,,,,,,,,,,,,,,,,,
415,,,,,,,,,,,,,,,,,
416,,,,,,,,,,,,,,,,,
417,,,,,,,,,,,,,,,,,
418,,,,,,,,,,,,,,,,,
419,,,,,,,,,,,,,,,,,
420,,,,,,,,,,,,,,,,,
421,,,,,,,,,,,,,,,,,
422,,,,,,,,,,,,,,,,,
423,,,,,,,,,,,,,,,,,
424,,,,,,,,,,,,,,,,,
425,,,,,,,,,,,,,,,,,
426,,,,,,,,,,,,,,,,,
427,,,,,,,,,,,,,,,,,
428,,,,,,,,,,,,,,,,,
429,,,,,,,,,,,,,,,,,
430,,,,,,,,,,,,,,,,,
431,,,,,,,,,,,,,,,,,
432,,,,,,,,,,,,,,,,,
433,,,,,,,,,,,,,,,,,
434,,,,,,,,,,,,,,,,,
435,,,,,,,,,,,,,,,,,
436,,,,,,,,,,,,,,,,,
437,,,,,,,,,,,,,,,,,
438,,,,,,,,,,,,,,,,,
439,,,,,,,,,,,,,,,,,
440,,,,,,,,,,,,,,,,,
441,,,,,,,,,,,,,,,,,
442,,,,,,,,,,,,,,,,,
443,,,,,,,,,,,,,,,,,
444,,,,,,,,,,,,,,,,,
445,,,,,,,,,,,,,,,,,
446,,,,,,,,,,,,,,,,,
447,,,,,,,,,,,,,,,,,
448,,,,,,,,,,,,,,,,,
449,,,,,,,,,,,,,,,,,
450,,,,,,,,,,,,,,,,,
451,,,,,,,,,,,,,,,,,
452,,,,,,,,,,,,,,,,,
453,,,,,,,,,,,,,,,,,
454,,,,,,,,,,,,,,,,,
455,,,,,,,,,,,,,,,,,
456,,,,,,,,,,,,,,,,,
457,,,,,,,,,,,,,,,,,
458,,,,,,,,,,,,,,,,,
459,,,,,,,,,,,,,,,,,
460,,,,,,,,,,,,,,,,,
461,,,,,,,,,,,,,,,,,
462,,,,,,,,,,,,,,,,,
463,,,,,,,,,,,,,,,,,
464,,,,,,,,,,,,,,,,,
465,,,,,,,,,,,,,,,,,
466,,,,,,,,,,,,,,,,,
467,,,,,,,,,,,,,,,,,
468,,,,,,,,,,,,,,,,,
469,,,,,,,,,,,,,,,,,
470,,,,,,,,,,,,,,,,,
471,,,,,,,,,,,,,,,,,
472,,,,,,,,,,,,,,,,,
473,,,,,,,,,,,,,,,,,
474,,,,,,,,,,,,,,,,,
475,,,,,,,,,,,,,,,,,
476,,,,,,,,,,,,,,,,,
477,,,,,,,,,,,,,,,,,
478,,,,,,,,,,,,,,,,,
479,,,,,,,,,,,,,,,,,
480,,,,,,,,,,,,,,,,,
481,,,,,,,,,,,,,,,,,
482,,,,,,,,,,,,,,,,,
483,,,,,,,,,,,,,,,,,
484,,,,,,,,,,,,,,,,,
485,,,,,,,,,,,,,,,,,
486,,,,,,,,,,,,,,,,,
487,,,,,,,,,,,,,,,,,
488,,,,,,,,,,,,,,,,,
489,,,,,,,,,,,,,,,,,
490,,,,,,,,,,,,,,,,,
491,,,,,,,,,,,,,,,,,
492,,,,,,,,,,,,,,,,,
493,,,,,,,,,,,,,,,,,
494,,,,,,,,,,,,,,,,,
495,,,,,,,,,,,,,,,,,
496,,,,,,,,,,,,,,,,,
497,,,,,,,,,,,,,,,,,
498,,,,,,,,,,,,,,,,,
499,,,,,,,,,,,,,,,,,
500,,,,,,,,,,,,,,,,,
501,,,,,,,,,,,,,,,,,
502,,,,,,,,,,,,,,,,,
503,,,,,,,,,,,,,,,,,
504,,,,,,,,,,,,,,,,,
505,,,,,,,,,,,,,,,,,
506,,,,,,,,,,,,,,,,,
507,,,,,,,,,,,,,,,,,
508,,,,,,,,,,,,,,,,,
509,,,,,,,,,,,,,,,,,
510,,,,,,,,,,,,,,,,,
511,,,,,,,,,,,,,,,,,
512,,,,,,,,,,,,,,,,,
513,,,,,,,,,,,,,,,,,
514,,,,,,,,,,,,,,,,,
515,,,,,,,,,,,,,,,,,
516,,,,,,,,,,,,,,,,,
517,,,,,,,,,,,,,,,,,
518,,,,,,,,,,,,,,,,,
519,,,,,,,,,,,,,,,,,
520,,,,,,,,,,,,,,,,,
521,,,,,,,,,,,,,,,,,
522,,,,,,,,,,,,,,,,,
523,,,,,,,,,,,,,,,,,
524,,,,,,,,,,,,,,,,,
525,,,,,,,,,,,,,,,,,
526,,,,,,,,,,,,,,,,,
527,,,,,,,,,,,,,,,,,
528,,,,,,,,,,,,,,,,,
529,,,,,,,,,,,,,,,,,
530,,,,,,,,,,,,,,,,,
531,,,,,,,,,,,,,,,,,
532,,,,,,,,,,,,,,,,,
533,,,,,,,,,,,,,,,,,
534,,,,,,,,,,,,,,,,,
535,,,,,,,,,,,,,,,,,
536,,,,,,,,,,,,,,,,,
537,,,,,,,,,,,,,,,,,
538,,,,,,,,,,,,,,,,,
539,,,,,,,,,,,,,,,,,
540,,,,,,,,,,,,,,,,,
541,,,,,,,,,,,,,,,,,
542,,,,,,,,,,,,,,,,,
543,,,,,,,,,,,,,,,,,
544,,,,,,,,,,,,,,,,,
545,,,,,,,,,,,,,,,,,
546,,,,,,,,,,,,,,,,,
547,,,,,,,,,,,,,,,,,
548,,,,,,,,,,,,,,,,,
549,,,,,,,,,,,,,,,,,
550,,,,,,,,,,,,,,,,,
551,,,,,,,,,,,,,,,,,
552,,,,,,,,,,,,,,,,,
553,,,,,,,,,,,,,,,,,
554,,,,,,,,,,,,,,,,,
555,,,,,,,,,,,,,,,,,
556,,,,,,,,,,,,,,,,,
557,,,,,,,,,,,,,,,,,
558,,,,,,,,,,,,,,,,,
559,,,,,,,,,,,,,,,,,
560,,,,,,,,,,,,,,,,,
561,,,,,,,,,,,,,,,,,
562,,,,,,,,,,,,,,,,,
563,,,,,,,,,,,,,,,,,
564,,,,,,,,,,,,,,,,,
565,,,,,,,,,,,,,,,,,
566,,,,,,,,,,,,,,,,,
567,,,,,,,,,,,,,,,,,
568,,,,,,,,,,,,,,,,,
569,,,,,,,,,,,,,,,,,
570,,,,,,,,,,,,,,,,,
571,,,,,,,,,,,,,,,,,
572,,,,,,,,,,,,,,,,,
573,,,,,,,,,,,,,,,,,
574,,,,,,,,,,,,,,,,,
575,,,,,,,,,,,,,,,,,
576,,,,,,,,,,,,,,,,,
577,,,,,,,,,,,,,,,,,
578,,,,,,,,,,,,,,,,,
579,,,,,,,,,,,,,,,,,
580,,,,,,,,,,,,,,,,,
581,,,,,,,,,,,,,,,,,
582,,,,,,,,,,,,,,,,,
583,,,,,,,,,,,,,,,,,
584,,,,,,,,,,,,,,,,,
585,,,,,,,,,,,,,,,,,
586,,,,,,,,,,,,,,,,,
587,,,,,,,,,,,,,,,,,
588,,,,,,,,,,,,,,,,,
589,,,,,,,,,,,,,,,,,
590,,,,,,,,,,,,,,,,,
591,,,,,,,,,,,,,,,,,
592,,,,,,,,,,,,,,,,,
593,,,,,,,,,,,,,,,,,
594,,,,,,,,,,,,,,,,,
595,,,,,,,,,,,,,,,,,
596,,,,,,,,,,,,,,,,,
597,,,,,,,,,,,,,,,,,
598,,,,,,,,,,,,,,,,,
599,,,,,,,,,,,,,,,,,
600,,,,,,,,,,,,,,,,,
601,,,,,,,,,,,,,,,,,
602,,,,,,,,,,,,,,,,,
603,,,,,,,,,,,,,,,,,
604,,,,,,,,,,,,,,,,,
605,,,,,,,,,,,,,,,,,
606,,,,,,,,,,,,,,,,,
607,,,,,,,,,,,,,,,,,
608,,,,,,,,,,,,,,,,,
609,,,,,,,,,,,,,,,,,
610,,,,,,,,,,,,,,,,,
611,,,,,,,,,,,,,,,,,
612,,,,,,,,,,,,,,,,,
613,,,,,,,,,,,,,,,,,
614,,,,,,,,,,,,,,,,,
615,,,,,,,,,,,,,,,,,
616,,,,,,,,,,,,,,,,,
617,,,,,,,,,,,,,,,,,
618,,,,,,,,,,,,,,,,,
619,,,,,,,,,,,,,,,,,
620,,,,,,,,,,,,,,,,,
621,,,,,,,,,,,,,,,,,
622,,,,,,,,,,,,,,,,,
623,,,,,,,,,,,,,,,,,
624,,,,,,,,,,,,,,,,,
625,,,,,,,,,,,,,,,,,
626,,,,,,,,,,,,,,,,,
627,,,,,,,,,,,,,,,,,
628,,,,,,,,,,,,,,,,,
629,,,,,,,,,,,,,,,,,
630,,,,,,,,,,,,,,,,,
631,,,,,,,,,,,,,,,,,
632,,,,,,,,,,,,,,,,,
633,,,,,,,,,,,,,,,,,
634,,,,,,,,,,,,,,,,,
635,,,,,,,,,,,,,,,,,
636,,,,,,,,,,,,,,,,,
637,,,,,,,,,,,,,,,,,
638,,,,,,,,,,,,,,,,,
639,,,,,,,,,,,,,,,,,
640,,,,,,,,,,,,,,,,,
641,,,,,,,,,,,,,,,,,
642,,,,,,,,,,,,,,,,,
643,,,,,,,,,,,,,,,,,
644,,,,,,,,,,,,,,,,,
645,,,,,,,,,,,,,,,,,
646,,,,,,,,,,,,,,,,,
647,,,,,,,,,,,,,,,,,
648,,,,,,,,,,,,,,,,,
649,,,,,,,,,,,,,,,,,
650,,,,,,,,,,,,,,,,,
651,,,,,,,,,,,,,,,,,
652,,,,,,,,,,,,,,,,,
653,,,,,,,,,,,,,,,,,
654,,,,,,,,,,,,,,,,,
655,,,,,,,,,,,,,,,,,
656,,,,,,,,,,,,,,,,,
657,,,,,,,,,,,,,,,,,
658,,,,,,,,,,,,,,,,,
659,,,,,,,,,,,,,,,,,
660,,,,,,,,,,,,,,,,,
661,,,,,,,,,,,,,,,,,
662,,,,,,,,,,,,,,,,,
663,,,,,,,,,,,,,,,,,
664,,,,,,,,,,,,,,,,,
665,,,,,,,,,,,,,,,,,
666,,,,,,,,,,,,,,,,,
667,,,,,,,,,,,,,,,,,
668,,,,,,,,,,,,,,,,,
669,,,,,,,,,,,,,,,,,
670,,,,,,,,,,,,,,,,,
671,,,,,,,,,,,,,,,,,
672,,,,,,,,,,,,,,,,,
673,,,,,,,,,,,,,,,,,
674,,,,,,,,,,,,,,,,,
675,,,,,,,,,,,,,,,,,
676,,,,,,,,,,,,,,,,,
677,,,,,,,,,,,,,,,,,
678,,,,,,,,,,,,,,,,,
679,,,,,,,,,,,,,,,,,
680,,,,,,,,,,,,,,,,,
681,,,,,,,,,,,,,,,,,
682,,,,,,,,,,,,,,,,,
683,,,,,,,,,,,,,,,,,
684,,,,,,,,,,,,,,,,,
685,,,,,,,,,,,,,,,,,
686,,,,,,,,,,,,,,,,,
687,,,,,,,,,,,,,,,,,
688,,,,,,,,,,,,,,,,,
689,,,,,,,,,,,,,,,,,
690,,,,,,,,,,,,,,,,,
691,,,,,,,,,,,,,,,,,
692,,,,,,,,,,,,,,,,,
693,,,,,,,,,,,,,,,,,
694,,,,,,,,,,,,,,,,,
695,,,,,,,,,,,,,,,,,
696,,,,,,,,,,,,,,,,,
697,,,,,,,,,,,,,,,,,
698,,,,,,,,,,,,,,,,,
699,,,,,,,,,,,,,,,,,
700,,,,,,,,,,,,,,,,,
701,,,,,,,,,,,,,,,,,
702,,,,,,,,,,,,,,,,,
703,,,,,,,,,,,,,,,,,
704,,,,,,,,,,,,,,,,,
705,,,,,,,,,,,,,,,,,
706,,,,,,,,,,,,,,,,,
707,,,,,,,,,,,,,,,,,
708,,,,,,,,,,,,,,,,,
709,,,,,,,,,,,,,,,,,
710,,,,,,,,,,,,,,,,,
711,,,,,,,,,,,,,,,,,
712,,,,,,,,,,,,,,,,,
713,,,,,,,,,,,,,,,,,
